2341	1	0.05	117	28	0.0361023	0.000426832
2343	1	0.05	117	28	0.0361023	0.000426649
2345	1	0.05	117	28	0.0381165	0.000426486
2347	1	0.05	117	28	0.0381165	0.000426304
2349	1	0.05	117	28	0.0376892	0.000425701
2351	1	0.05	117	30	0.0351448	0.000425362
2353	1	0.05	117	30	0.0351105	0.000425042
2355	1	0.05	117	30	0.03508	0.000424492
2357	1	0.05	117	26	0.0395813	0.000424397
2359	1	0.05	117	26	0.0395813	0.000424215
2361	1	0.05	118	26	0.039093	0.000423586
2363	1	0.05	118	32	0.0312443	0.000423195
2365	1	0.05	118	32	0.0312042	0.000422834
2367	1	0.05	118	32	0.0312042	0.000422655
2369	1	0.05	118	28	0.0361023	0.000421851
2371	1	0.05	118	28	0.0361023	0.000421672
2373	1	0.05	118	28	0.0381165	0.000421647
2375	1	0.05	118	28	0.0376892	0.000421028
2377	1	0.05	118	28	0.0376358	0.000420764
2379	1	0.05	118	32	0.0326843	0.00042015
2381	1	0.05	119	26	0.0395813	0.000420016
2383	1	0.05	119	26	0.0395813	0.000419839
2385	1	0.05	119	26	0.0391312	0.000419305
2387	1	0.05	119	26	0.039093	0.000419046
2389	1	0.05	119	26	0.039093	0.00041887
2391	1	0.05	119	28	0.0362091	0.000418391
2393	1	0.05	119	28	0.0365906	0.000417809
2395	1	0.05	119	32	0.0312386	0.000417544
2397	1	0.05	119	32	0.0312042	0.000417217
2399	1	0.05	119	32	0.0312042	0.000417041
2401	1	0.05	120	28	0.0376892	0.000416431
2403	1	0.05	120	28	0.0376358	0.000416172
2405	1	0.05	120	28	0.0379944	0.000415877
2407	1	0.05	120	26	0.0395813	0.000415579
2409	1	0.05	120	26	0.0395813	0.000415406
2411	1	0.05	120	26	0.039093	0.000414776
2413	1	0.05	120	26	0.039093	0.000414603
2415	1	0.05	120	30	0.0346222	0.00041411
2417	1	0.05	120	30	0.0345917	0.000413575
2419	1	0.05	120	28	0.0361786	0.000413267
2421	1	0.05	121	28	0.0365906	0.000413044
2423	1	0.05	121	28	0.0357208	0.000412756
2425	1	0.05	121	28	0.0361023	0.000412208
2427	1	0.05	121	32	0.0312386	0.000412056
2429	1	0.05	121	32	0.0312042	0.000411734
2431	1	0.05	121	32	0.0311737	0.000411163
2433	1	0.05	121	26	0.0395813	0.000411235
2435	1	0.05	121	26	0.0391426	0.000410712
2437	1	0.05	121	26	0.039093	0.000410422
2439	1	0.05	121	26	0.0410576	0.000410002
2441	1	0.05	122	30	0.03508	0.000409637
2443	1	0.05	122	30	0.0346413	0.00040935
2445	1	0.05	122	30	0.0346222	0.000409137
2447	1	0.05	122	28	0.0365906	0.000408576
2449	1	0.05	122	28	0.0365467	0.000408345
2451	1	0.05	122	28	0.0357208	0.000408074
2453	1	0.05	122	28	0.0376892	0.000407581
2455	1	0.05	122	28	0.0376453	0.000407352
2457	1	0.05	122	28	0.0376129	0.000407082
2459	1	0.05	122	32	0.0312271	0.000406672
2461	1	0.05	123	32	0.0312042	0.000406394
2463	1	0.05	123	32	0.0311737	0.000405831
2465	1	0.05	123	26	0.0410309	0.000405777
2467	1	0.05	123	32	0.0331116	0.000405479
2469	1	0.05	123	32	0.0326843	0.000404749
2471	1	0.05	123	30	0.034647	0.000404695
2473	1	0.05	123	30	0.0346222	0.000404463
2475	1	0.05	123	28	0.0365906	0.00040404
2477	1	0.05	123	28	0.0365372	0.000403792
2479	1	0.05	123	28	0.0357208	0.000403498
2481	1	0.05	124	28	0.0376506	0.000403062
2483	1	0.05	124	28	0.0376129	0.000402781
2485	1	0.05	124	26	0.0391488	0.000402415
2487	1	0.05	124	26	0.0410576	0.000402068
2489	1	0.05	124	26	0.0410309	0.000401869
2491	1	0.05	124	36	0.0292587	0.000401386
2493	1	0.05	124	32	0.0312042	0.000401202
2495	1	0.05	124	32	0.0311737	0.00040065
2497	1	0.05	124	32	0.0331116	0.000400622
2499	1	0.05	124	32	0.0326843	0.000399875
2501	1	0.05	125	30	0.0346222	0.000399878
2503	1	0.05	125	30	0.0345917	0.000399365
2505	1	0.05	125	28	0.0357399	0.000399206
2507	1	0.05	125	28	0.0376549	0.000398875
2509	1	0.05	125	26	0.0395813	0.000398866
2511	1	0.05	125	26	0.0391312	0.000398264
2513	1	0.05	125	26	0.0410309	0.000398034
2515	1	0.05	125	26	0.039093	0.000397867
2517	1	0.05	125	28	0.0375061	0.000397473
2519	1	0.05	125	28	0.0367126	0.00039687
2521	1	0.05	126	30	0.0331879	0.00039652
2523	1	0.05	126	38	0.0273132	0.000396015
2525	1	0.05	126	36	0.0292587	0.000395984
2527	1	0.05	126	32	0.0311737	0.000395586
2529	1	0.05	126	32	0.0326843	0.000395099
2531	1	0.05	126	30	0.0346222	0.000395256
2533	1	0.05	126	28	0.0357399	0.000394826
2535	1	0.05	126	26	0.0391521	0.000394463
2537	1	0.05	126	26	0.0410309	0.000394273
2539	1	0.05	126	26	0.039093	0.000394016
2541	1	0.05	127	26	0.039093	0.000393835
2543	1	0.05	127	28	0.0371246	0.000393289
2545	1	0.05	127	28	0.0355682	0.000392819
2547	1	0.05	127	28	0.0367126	0.000392574
2549	1	0.05	127	30	0.0347557	0.000392308
2551	1	0.05	127	30	0.0331879	0.000391877
2553	1	0.05	127	32	0.033165	0.000391632
2555	1	0.05	127	32	0.0312271	0.000391445
2557	1	0.05	127	36	0.0292816	0.00039099
2559	1	0.05	127	38	0.0273132	0.000390423
2561	1	0.05	128	26	0.0410309	0.000390552
2563	1	0.05	128	26	0.039093	0.000390213
2565	1	0.05	128	26	0.039093	0.00039006
2567	1	0.05	128	28	0.0371628	0.000389501
2569	1	0.05	128	28	0.0371246	0.000389269
2571	1	0.05	128	28	0.035614	0.000388885
2573	1	0.05	128	28	0.0355682	0.000388566
2575	1	0.05	128	28	0.0366669	0.000388231
2577	1	0.05	128	30	0.0347557	0.000388017
2579	1	0.05	128	30	0.0351105	0.000387842
2581	1	0.05	129	30	0.0331879	0.000387325
2583	1	0.05	129	32	0.033165	0.000387086
2585	1	0.05	129	32	0.0312471	0.000386849
2587	1	0.05	129	32	0.0312271	0.000386617
2589	1	0.05	129	32	0.0312042	0.000386372
2591	1	0.05	129	36	0.0292816	0.000385863
2593	1	0.05	129	28	0.0372009	0.000385638
2595	1	0.05	129	28	0.0371437	0.00038537
2597	1	0.05	129	28	0.0375061	0.000385298
2599	1	0.05	129	28	0.035614	0.000384718
2601	1	0.05	130	28	0.0355682	0.000384385
2603	1	0.05	130	28	0.0366669	0.000384117
2605	1	0.05	130	30	0.0347748	0.000383843
2607	1	0.05	130	30	0.0351105	0.000383652
2609	1	0.05	130	30	0.03508	0.000383172
2611	1	0.05	130	30	0.0331879	0.000382894
2613	1	0.05	130	26	0.039093	0.000382725
2615	1	0.05	130	26	0.039093	0.000382578
2617	1	0.05	130	32	0.0312443	0.000382133
2619	1	0.05	130	32	0.0312271	0.000381916
2621	1	0.05	131	32	0.0312042	0.000381666
2623	1	0.05	131	32	0.0311737	0.000381147
2625	1	0.05	131	30	0.0352325	0.000380955
2627	1	0.05	131	30	0.0352325	0.000380809
2629	1	0.05	131	28	0.0355682	0.000380312
2631	1	0.05	131	28	0.0366459	0.000380091
2633	1	0.05	131	30	0.0336571	0.000379764
2635	1	0.05	131	30	0.0347366	0.000379507
2637	1	0.05	131	26	0.0391312	0.000379234
2639	1	0.05	131	26	0.039093	0.000379016
2641	1	0.05	132	26	0.039093	0.000378847
2643	1	0.05	132	32	0.033165	0.000378317
2645	1	0.05	132	32	0.0331116	0.000378086
2647	1	0.05	132	28	0.0371628	0.000377745
2649	1	0.05	132	32	0.0312386	0.000377507
2651	1	0.05	132	32	0.0312042	0.000377226
2653	1	0.05	132	32	0.0312042	0.000377083
2655	1	0.05	132	32	0.0311737	0.000376573
2657	1	0.05	132	28	0.0366669	0.00037633
2659	1	0.05	132	28	0.0370178	0.000376345
2661	1	0.05	133	30	0.0336761	0.000375702
2663	1	0.05	133	26	0.0391312	0.000375568
2665	1	0.05	133	26	0.039093	0.000375353
2667	1	0.05	133	26	0.039093	0.000375212
2669	1	0.05	133	30	0.0350418	0.000374724
2671	1	0.05	133	30	0.0331879	0.000374313
2673	1	0.05	133	32	0.033165	0.000374086
2675	1	0.05	133	28	0.0371437	0.000373857
2677	1	0.05	133	28	0.0371246	0.000373678
2679	1	0.05	133	30	0.0352707	0.000373222
2681	1	0.05	134	32	0.0312386	0.000373014
2683	1	0.05	134	32	0.0312042	0.000372738
2685	1	0.05	134	32	0.0312042	0.000372599
2687	1	0.05	134	32	0.0311737	0.000372096
2689	1	0.05	134	26	0.039093	0.000371924
2691	1	0.05	134	26	0.039093	0.000371785
2693	1	0.05	134	30	0.03508	0.000371182
2695	1	0.05	134	30	0.03508	0.000371043
2697	1	0.05	134	30	0.0350418	0.000370824
2699	1	0.05	134	30	0.0342865	0.000370389
2701	1	0.05	135	30	0.0331879	0.000370158
2703	1	0.05	135	28	0.0371246	0.000370028
2705	1	0.05	135	28	0.036026	0.000369789
2707	1	0.05	135	30	0.0352707	0.000369347
2709	1	0.05	135	30	0.0352488	0.000369141
2711	1	0.05	135	30	0.0352325	0.000368994
2713	1	0.05	135	32	0.0312386	0.000368638
2715	1	0.05	135	32	0.0312042	0.000368367
2717	1	0.05	135	32	0.0312042	0.00036823
2719	1	0.05	135	32	0.0311737	0.000367735
2721	1	0.05	136	30	0.0347366	0.000367536
2723	1	0.05	136	30	0.03508	0.000367203
2725	1	0.05	136	30	0.0350418	0.000366988
2727	1	0.05	136	30	0.034317	0.000366845
2729	1	0.05	136	30	0.0342865	0.000366384
2731	1	0.05	136	28	0.036026	0.000366178
2733	1	0.05	136	28	0.036026	0.000366043
2735	1	0.05	136	30	0.0352707	0.00036557
2737	1	0.05	136	30	0.0352488	0.000365366
2739	1	0.05	136	30	0.0352325	0.000365222
2741	1	0.05	137	26	0.039093	0.000364959
2743	1	0.05	137	26	0.039093	0.000364825
2745	1	0.05	137	32	0.0312271	0.000364308
2747	1	0.05	137	32	0.0312042	0.000364086
2749	1	0.05	137	32	0.0311737	0.000363598
2751	1	0.05	137	32	0.0311737	0.000363465
2753	1	0.05	137	30	0.0350418	0.000363247
2755	1	0.05	137	30	0.0350037	0.00036272
2757	1	0.05	137	30	0.0342865	0.000362612
2759	1	0.05	137	30	0.0342636	0.0003624
2761	1	0.05	138	28	0.0359955	0.000362048
2763	1	0.05	138	30	0.0352707	0.000361852
2765	1	0.05	138	26	0.039093	0.000361715
2767	1	0.05	138	26	0.039093	0.000361584
2769	1	0.05	138	28	0.0362854	0.000361442
2771	1	0.05	138	28	0.036232	0.000360932
2773	1	0.05	138	30	0.0340881	0.00036074
2775	1	0.05	138	30	0.0340881	0.000360609
2777	1	0.05	138	38	0.0273132	0.000359765
2779	1	0.05	138	38	0.0273132	0.000359634
2781	1	0.05	139	32	0.0311737	0.000359422
2783	1	0.05	139	32	0.0311737	0.000359292
2785	1	0.05	139	30	0.034317	0.000359221
2787	1	0.05	139	30	0.0342865	0.000358772
2789	1	0.05	139	28	0.0359955	0.000358454
2791	1	0.05	139	26	0.039093	0.0003584
2793	1	0.05	139	26	0.039093	0.000358271
2795	1	0.05	139	30	0.0352325	0.00035789
2797	1	0.05	139	28	0.0362434	0.000357538
2799	1	0.05	139	28	0.0362091	0.000357297
2801	1	0.05	140	30	0.0340881	0.00035706
2803	1	0.05	140	30	0.0340881	0.000356932
2805	1	0.05	140	30	0.0340881	0.000356804
2807	1	0.05	140	34	0.0301819	0.000356321
2809	1	0.05	140	32	0.0312271	0.000356041
2811	1	0.05	140	32	0.0312042	0.000355827
2813	1	0.05	140	38	0.0273132	0.000355137
2815	1	0.05	140	38	0.0273132	0.00035501
2817	1	0.05	140	26	0.039093	0.000355145
2819	1	0.05	140	30	0.0352707	0.000354671
2821	1	0.05	141	30	0.0352535	0.00035447
2823	1	0.05	141	28	0.0362854	0.000354489
2825	1	0.05	141	28	0.036232	0.000353991
2827	1	0.05	141	28	0.0362091	0.000353791
2829	1	0.05	141	32	0.0331116	0.000353783
2831	1	0.05	141	32	0.0330658	0.000353169
2833	1	0.05	141	30	0.0340881	0.000353217
2835	1	0.05	141	30	0.0340462	0.000352737
2837	1	0.05	141	30	0.0333328	0.000352503
2839	1	0.05	141	34	0.0301819	0.000352257
2841	1	0.05	142	32	0.0312271	0.000352041
2843	1	0.05	142	32	0.0312042	0.000351831
2845	1	0.05	142	32	0.0311737	0.000351363
2847	1	0.05	142	32	0.0311737	0.000351239
2849	1	0.05	142	30	0.0352535	0.000350989
2851	1	0.05	142	28	0.036253	0.000350745
2853	1	0.05	142	28	0.036232	0.000350566
2855	1	0.05	142	28	0.0362091	0.000350369
2857	1	0.05	142	32	0.0331116	0.000350202
2859	1	0.05	142	32	0.0331116	0.000350079
2861	1	0.05	143	32	0.0330658	0.000349461
2863	1	0.05	143	30	0.0340881	0.000349566
2865	1	0.05	143	30	0.0340347	0.000349052
2867	1	0.05	143	30	0.0333328	0.000348824
2869	1	0.05	143	26	0.039093	0.000348789
2871	1	0.05	143	34	0.0302277	0.000348452
2873	1	0.05	143	34	0.0301819	0.000348155
2875	1	0.05	143	32	0.0312042	0.000347933
2877	1	0.05	143	32	0.0311737	0.000347473
2879	1	0.05	143	32	0.0311546	0.000347309
2881	1	0.05	144	28	0.0362091	0.000347118
2883	1	0.05	144	28	0.0362091	0.000346997
2885	1	0.05	144	28	0.0372009	0.000346572
2887	1	0.05	144	32	0.0331116	0.000346562
2889	1	0.05	144	32	0.0331116	0.000346441
2891	1	0.05	144	32	0.0330658	0.000345843
2893	1	0.05	144	26	0.039093	0.000345826
2895	1	0.05	144	30	0.0333538	0.000345414
2897	1	0.05	144	30	0.0350037	0.000344985
2899	1	0.05	144	30	0.034317	0.00034502
2901	1	0.05	145	30	0.0342865	0.00034458
2903	1	0.05	145	34	0.0302277	0.000344559
2905	1	0.05	145	34	0.0301819	0.000344266
2907	1	0.05	145	32	0.0312042	0.000344112
2909	1	0.05	145	32	0.0311737	0.000343657
2911	1	0.05	145	32	0.0311546	0.000343497
2913	1	0.05	145	28	0.0371628	0.00034326
2915	1	0.05	145	32	0.0321198	0.000343125
2917	1	0.05	145	32	0.0331116	0.000343008
2919	1	0.05	145	26	0.039093	0.000342794
2921	1	0.05	146	32	0.0330658	0.000342286
2923	1	0.05	146	30	0.0340347	0.000342115
2925	1	0.05	146	30	0.0333514	0.000341877
2927	1	0.05	146	30	0.034317	0.000341662
2929	1	0.05	146	30	0.034317	0.000341545
2931	1	0.05	146	30	0.0353088	0.000341468
2933	1	0.05	146	30	0.0352592	0.000340946
2935	1	0.05	146	36	0.0292053	0.000340745
2937	1	0.05	146	34	0.0302277	0.000340643
2939	1	0.05	146	34	0.0301819	0.000340355
2941	1	0.05	147	32	0.0311737	0.000339924
2943	1	0.05	147	32	0.0311546	0.000339767
2945	1	0.05	147	26	0.039093	0.000339796
2947	1	0.05	147	32	0.0321198	0.00033946
2949	1	0.05	147	32	0.0331116	0.000339399
2951	1	0.05	147	32	0.0330658	0.000338815
2953	1	0.05	147	30	0.0340347	0.000338697
2955	1	0.05	147	30	0.0343399	0.000338458
2957	1	0.05	147	30	0.034317	0.000338268
2959	1	0.05	147	30	0.0353088	0.00033824
2961	1	0.05	148	30	0.0352592	0.000337709
2963	1	0.05	148	28	0.0362091	0.000337518
2965	1	0.05	148	28	0.0372009	0.000337235
2967	1	0.05	148	36	0.0292506	0.000337039
2969	1	0.05	148	36	0.0292053	0.000336842
2971	1	0.05	148	34	0.0301819	0.000336637
2973	1	0.05	148	32	0.0311737	0.000336282
2975	1	0.05	148	32	0.0311546	0.000336127
2977	1	0.05	148	32	0.0321198	0.000335996
2979	1	0.05	148	32	0.0331116	0.000335989
2981	1	0.05	149	32	0.0330658	0.000335401
2983	1	0.05	149	30	0.0340118	0.000335259
2985	1	0.05	149	30	0.034317	0.00033504
2987	1	0.05	149	30	0.0353088	0.000335058
2989	1	0.05	149	28	0.036232	0.000334586
2991	1	0.05	149	28	0.0362091	0.000334403
2993	1	0.05	149	28	0.0371628	0.000334097
2995	1	0.05	149	28	0.0381165	0.000334074
2997	1	0.05	149	28	0.0364609	0.000333629
2999	1	0.05	149	36	0.0282898	0.000333297
3001	1	0.05	150	36	0.0282898	0.000333179
