101	1	0.05	5	8	0.134644	0.00989566
103	1	0.05	5	8	0.132462	0.00971001
105	1	0.05	5	8	0.130127	0.00952596
107	1	0.05	5	8	0.133057	0.00934623
109	1	0.05	5	8	0.131104	0.00917615
111	1	0.05	5	8	0.124329	0.00901106
113	1	0.05	5	8	0.127497	0.00884957
115	1	0.05	5	8	0.125671	0.00869306
117	1	0.05	5	8	0.123779	0.00853344
119	1	0.05	5	8	0.122192	0.00840689
121	1	0.05	6	8	0.128174	0.00827926
123	1	0.05	6	8	0.126221	0.00814013
125	1	0.05	6	8	0.12442	0.00800157
127	1	0.05	6	8	0.122803	0.0078699
129	1	0.05	6	8	0.125854	0.0077514
131	1	0.05	6	10	0.119263	0.00763401
133	1	0.05	6	8	0.122499	0.00751883
135	1	0.05	6	10	0.116333	0.00741397
137	1	0.05	6	8	0.119415	0.00730012
139	1	0.05	6	10	0.11792	0.00718641
141	1	0.05	7	8	0.123169	0.00709875
143	1	0.05	7	10	0.116638	0.00699121
145	1	0.05	7	10	0.11499	0.00688386
147	1	0.05	7	10	0.118591	0.00680252
149	1	0.05	7	10	0.112366	0.006715
151	1	0.05	7	10	0.115662	0.0066198
153	1	0.05	7	10	0.114319	0.00653746
155	1	0.05	7	10	0.108154	0.00643988
157	1	0.05	7	10	0.111694	0.00636612
159	1	0.05	7	10	0.114624	0.00628465
161	1	0.05	8	10	0.11499	0.0062077
163	1	0.05	8	10	0.108765	0.00612838
165	1	0.05	8	10	0.112061	0.00604799
167	1	0.05	8	10	0.111084	0.00598312
169	1	0.05	8	10	0.114014	0.00590838
171	1	0.05	8	10	0.108582	0.00584581
173	1	0.05	8	10	0.107452	0.00578165
175	1	0.05	8	10	0.110502	0.00571421
177	1	0.05	8	10	0.10083	0.00565764
179	1	0.05	8	10	0.104004	0.00559685
181	1	0.05	9	10	0.108154	0.00552031
183	1	0.05	9	10	0.111084	0.00545639
185	1	0.05	9	10	0.110107	0.00540125
187	1	0.05	9	10	0.100501	0.00534757
189	1	0.05	9	10	0.104004	0.00531003
191	1	0.05	9	10	0.106812	0.00523342
193	1	0.05	9	10	0.109589	0.00518066
195	1	0.05	9	10	0.10083	0.00513659
197	1	0.05	9	10	0.104004	0.00509413
199	1	0.05	9	10	0.102783	0.00503149
201	1	0.05	10	10	0.106461	0.0049758
203	1	0.05	10	12	0.0974541	0.00492595
205	1	0.05	10	10	0.100555	0.00487701
207	1	0.05	10	10	0.103508	0.00483072
209	1	0.05	10	10	0.106201	0.00477756
211	1	0.05	10	10	0.101807	0.0047487
213	1	0.05	10	12	0.0931091	0.00469474
215	1	0.05	10	12	0.0960999	0.00465169
217	1	0.05	10	10	0.102783	0.00461812
219	1	0.05	10	10	0.101807	0.00457394
221	1	0.05	11	10	0.101532	0.00452455
223	1	0.05	11	12	0.0932159	0.00448497
225	1	0.05	11	12	0.096138	0.00444457
227	1	0.05	11	10	0.102448	0.00440563
229	1	0.05	11	10	0.101807	0.00437628
231	1	0.05	11	12	0.0937443	0.00432903
233	1	0.05	11	12	0.089386	0.00429312
235	1	0.05	11	12	0.0957184	0.00425561
237	1	0.05	11	10	0.101807	0.00422784
239	1	0.05	11	12	0.0942078	0.00418378
241	1	0.05	12	10	0.0973396	0.00414952
243	1	0.05	12	12	0.0896149	0.00411526
245	1	0.05	12	12	0.092392	0.00408114
247	1	0.05	12	10	0.101807	0.00405768
249	1	0.05	12	12	0.0943146	0.00401619
251	1	0.05	12	12	0.0935974	0.00398334
253	1	0.05	12	12	0.0895844	0.00395221
255	1	0.05	12	12	0.0855637	0.00392137
257	1	0.05	12	10	0.0978088	0.00389167
259	1	0.05	12	12	0.0939789	0.00386044
261	1	0.05	13	12	0.0937805	0.00383248
263	1	0.05	13	12	0.093071	0.00380214
265	1	0.05	13	12	0.0892029	0.00377301
267	1	0.05	13	10	0.0978851	0.00374511
269	1	0.05	13	12	0.0941525	0.00371743
271	1	0.05	13	12	0.0904083	0.00369019
273	1	0.05	13	12	0.0867004	0.00366416
275	1	0.05	13	12	0.0891457	0.00363638
277	1	0.05	13	12	0.0854721	0.00361001
279	1	0.05	13	12	0.0938263	0.00358446
281	1	0.05	14	12	0.090683	0.00355871
283	1	0.05	14	12	0.0900459	0.00353363
285	1	0.05	14	12	0.0894318	0.00350903
287	1	0.05	14	12	0.0858512	0.00348432
289	1	0.05	14	12	0.0940094	0.00346051
291	1	0.05	14	12	0.0905304	0.00343651
293	1	0.05	14	12	0.0899448	0.00341302
295	1	0.05	14	12	0.0865173	0.00338958
297	1	0.05	14	12	0.088768	0.00336675
299	1	0.05	14	12	0.0853729	0.00334401
301	1	0.05	15	12	0.0851135	0.003323
303	1	0.05	15	12	0.0902252	0.00330089
305	1	0.05	15	12	0.0868498	0.00327869
307	1	0.05	15	14	0.077755	0.00325733
309	1	0.05	15	12	0.0829697	0.00323617
311	1	0.05	15	12	0.0852203	0.00321565
313	1	0.05	15	12	0.0819244	0.00319492
315	1	0.05	15	12	0.0868835	0.00317419
317	1	0.05	15	12	0.0863419	0.00315464
319	1	0.05	15	14	0.077713	0.00313538
321	1	0.05	16	12	0.0829163	0.0031163
323	1	0.05	16	12	0.0850677	0.00309543
325	1	0.05	16	12	0.0818939	0.00307653
327	1	0.05	16	12	0.0867004	0.0030588
329	1	0.05	16	12	0.0861664	0.00303902
331	1	0.05	16	14	0.0777893	0.00302163
333	1	0.05	16	12	0.0826111	0.0030027
335	1	0.05	16	12	0.0846863	0.00298466
337	1	0.05	16	14	0.0790634	0.0029672
339	1	0.05	16	12	0.0862122	0.00295041
341	1	0.05	17	12	0.0860138	0.00293259
343	1	0.05	17	14	0.0779114	0.00291638
345	1	0.05	17	14	0.0774527	0.00289853
347	1	0.05	17	12	0.0845795	0.00288163
349	1	0.05	17	14	0.0791168	0.00286548
351	1	0.05	17	12	0.0860901	0.00284984
353	1	0.05	17	14	0.080719	0.00283321
355	1	0.05	17	16	0.070282	0.00281689
357	1	0.05	17	14	0.0774078	0.00280156
359	1	0.05	17	14	0.079422	0.00278585
361	1	0.05	18	12	0.0863953	0.00276945
363	1	0.05	18	12	0.0859413	0.00275491
365	1	0.05	18	14	0.080719	0.00273979
367	1	0.05	18	14	0.0754852	0.00272428
369	1	0.05	18	16	0.0702057	0.00271036
371	1	0.05	18	14	0.0771179	0.00269517
373	1	0.05	18	12	0.0859833	0.00268096
375	1	0.05	18	14	0.0809784	0.00266663
377	1	0.05	18	14	0.0805454	0.00265252
379	1	0.05	18	14	0.0755157	0.00263878
381	1	0.05	19	14	0.0776062	0.00262395
383	1	0.05	19	16	0.0701752	0.0026109
385	1	0.05	19	14	0.0791168	0.00259755
387	1	0.05	19	14	0.0787048	0.00258317
389	1	0.05	19	14	0.0805969	0.00257151
391	1	0.05	19	14	0.0756683	0.00255714
393	1	0.05	19	14	0.0752869	0.00254378
395	1	0.05	19	14	0.0771713	0.00253159
397	1	0.05	19	14	0.07901	0.00251966
399	1	0.05	19	14	0.0785828	0.00250545
401	1	0.05	20	14	0.0805969	0.00249412
403	1	0.05	20	14	0.0736237	0.00248184
405	1	0.05	20	14	0.0754623	0.00246892
407	1	0.05	20	14	0.077301	0.00245776
409	1	0.05	20	14	0.0769196	0.00244531
411	1	0.05	20	14	0.0787048	0.00243291
413	1	0.05	20	14	0.0804138	0.00242078
415	1	0.05	20	14	0.0715027	0.00240868
417	1	0.05	20	14	0.0733414	0.00239816
419	1	0.05	20	14	0.0751038	0.00238685
421	1	0.05	21	14	0.077034	0.00237537
423	1	0.05	21	14	0.0787582	0.00236385
425	1	0.05	21	14	0.0804558	0.00235287
427	1	0.05	21	14	0.0718079	0.00234274
429	1	0.05	21	14	0.0735531	0.00233095
431	1	0.05	21	14	0.0732117	0.00231957
433	1	0.05	21	14	0.0749454	0.00230949
435	1	0.05	21	14	0.0766373	0.00229896
437	1	0.05	21	14	0.0782928	0.00228808
439	1	0.05	21	16	0.06987	0.00227771
441	1	0.05	22	14	0.0716858	0.00226759
443	1	0.05	22	14	0.0734329	0.0022575
445	1	0.05	22	14	0.0751038	0.00224751
447	1	0.05	22	14	0.076767	0.00223695
449	1	0.05	22	14	0.0783997	0.00222782
451	1	0.05	22	16	0.0661163	0.00221763
453	1	0.05	22	16	0.0678444	0.00220753
455	1	0.05	22	16	0.069551	0.00219779
457	1	0.05	22	14	0.0731659	0.00218775
459	1	0.05	22	14	0.0747986	0.00217822
461	1	0.05	23	14	0.078476	0.00216908
463	1	0.05	23	16	0.0624847	0.00215956
465	1	0.05	23	16	0.0642242	0.00215085
467	1	0.05	23	16	0.0679016	0.00214196
469	1	0.05	23	16	0.0695343	0.00213222
471	1	0.05	23	14	0.0730896	0.00212288
473	1	0.05	23	14	0.0765076	0.00211363
475	1	0.05	23	14	0.0762024	0.0021057
477	1	0.05	23	14	0.070282	0.00209576
479	1	0.05	23	16	0.0624084	0.00208866
481	1	0.05	24	16	0.0660095	0.00207822
483	1	0.05	24	16	0.0695343	0.00207044
485	1	0.05	24	14	0.0729828	0.00206166
487	1	0.05	24	14	0.0781326	0.00205349
489	1	0.05	24	14	0.0724182	0.00204574
491	1	0.05	24	14	0.070282	0.0020363
493	1	0.05	24	16	0.0644474	0.0020284
495	1	0.05	24	18	0.0604439	0.00202025
497	1	0.05	24	16	0.0675964	0.00201124
499	1	0.05	24	14	0.0762787	0.00200368
501	1	0.05	25	14	0.0743866	0.00199577
503	1	0.05	25	14	0.0722961	0.00198813
505	1	0.05	25	14	0.070282	0.0019801
507	1	0.05	25	16	0.066391	0.00197207
509	1	0.05	25	16	0.0643387	0.00196481
511	1	0.05	25	18	0.0604534	0.00195691
513	1	0.05	25	14	0.0744171	0.00194963
515	1	0.05	25	14	0.0724182	0.00194236
517	1	0.05	25	14	0.0704041	0.00193391
519	1	0.05	25	16	0.0683899	0.00192711
521	1	0.05	26	16	0.0682068	0.00191857
523	1	0.05	26	16	0.0662308	0.00191218
525	1	0.05	26	16	0.0624619	0.0019046
527	1	0.05	26	18	0.0604706	0.0018974
529	1	0.05	26	14	0.0723343	0.00189045
531	1	0.05	26	14	0.0704041	0.00188316
533	1	0.05	26	16	0.068428	0.00187629
535	1	0.05	26	16	0.0681686	0.00186896
537	1	0.05	26	16	0.0662308	0.00186225
539	1	0.05	26	16	0.0643005	0.00185492
541	1	0.05	27	16	0.0624084	0.00184875
543	1	0.05	27	18	0.0604706	0.00184133
545	1	0.05	27	14	0.0703659	0.0018348
547	1	0.05	27	16	0.0684662	0.00182806
549	1	0.05	27	16	0.066555	0.00182144
551	1	0.05	27	16	0.0663147	0.00181526
553	1	0.05	27	16	0.0644302	0.00180849
555	1	0.05	27	14	0.0723343	0.00180181
557	1	0.05	27	16	0.0622864	0.00179534
559	1	0.05	27	18	0.0604324	0.00178893
561	1	0.05	28	16	0.068512	0.00178325
563	1	0.05	28	16	0.0666275	0.00177627
565	1	0.05	28	16	0.0647888	0.00176968
567	1	0.05	28	16	0.0661926	0.00176441
569	1	0.05	28	14	0.0722961	0.001758
571	1	0.05	28	16	0.0624847	0.00175102
573	1	0.05	28	16	0.0622864	0.00174577
575	1	0.05	28	18	0.0604486	0.00173913
577	1	0.05	28	16	0.0666046	0.00173313
579	1	0.05	28	16	0.0647888	0.00172635
581	1	0.05	29	16	0.0662479	0.00172118
583	1	0.05	29	16	0.0644522	0.00171526
585	1	0.05	29	14	0.0704527	0.00170939
587	1	0.05	29	16	0.0624475	0.0017036
589	1	0.05	29	16	0.062233	0.00169783
591	1	0.05	29	18	0.0604706	0.00169198
593	1	0.05	29	16	0.0664597	0.00168615
595	1	0.05	29	16	0.0647125	0.00168086
597	1	0.05	29	16	0.0660095	0.00167443
599	1	0.05	29	14	0.0703278	0.00166963
601	1	0.05	30	16	0.0641174	0.0016639
603	1	0.05	30	20	0.0546341	0.00165852
605	1	0.05	30	16	0.0622101	0.00165319
607	1	0.05	30	18	0.0604706	0.00164723
609	1	0.05	30	16	0.0648346	0.00164235
611	1	0.05	30	16	0.0646057	0.00163692
613	1	0.05	30	14	0.0703278	0.00163161
615	1	0.05	30	16	0.0641937	0.00162573
617	1	0.05	30	16	0.0639954	0.00162111
619	1	0.05	30	16	0.0622864	0.00161561
621	1	0.05	31	20	0.0545959	0.00161039
623	1	0.05	31	18	0.0604706	0.00160477
625	1	0.05	31	16	0.0647125	0.00160001
627	1	0.05	31	16	0.0660095	0.00159486
629	1	0.05	31	16	0.0628586	0.00158972
631	1	0.05	31	16	0.0641174	0.00158513
633	1	0.05	31	18	0.0610046	0.00157935
635	1	0.05	31	16	0.0622864	0.00157534
637	1	0.05	31	16	0.0621033	0.00156975
639	1	0.05	31	20	0.0545959	0.00156553
641	1	0.05	32	16	0.0646057	0.00156008
643	1	0.05	32	16	0.0630188	0.00155575
645	1	0.05	32	16	0.0628204	0.00155067
647	1	0.05	32	16	0.064045	0.00154566
649	1	0.05	32	18	0.0610046	0.00154043
651	1	0.05	32	16	0.0622444	0.00153618
653	1	0.05	32	16	0.0620527	0.00153137
655	1	0.05	32	18	0.0604534	0.00152668
657	1	0.05	32	16	0.0644836	0.00152252
659	1	0.05	32	16	0.0628967	0.00151785
661	1	0.05	33	16	0.062767	0.00151275
663	1	0.05	33	16	0.0667267	0.00150846
665	1	0.05	33	18	0.058197	0.0015033
667	1	0.05	33	16	0.0622101	0.00149942
669	1	0.05	33	16	0.062027	0.00149494
671	1	0.05	33	18	0.0590668	0.00148995
673	1	0.05	33	16	0.0630188	0.00148608
675	1	0.05	33	16	0.0628481	0.00148149
677	1	0.05	33	16	0.0626678	0.00147696
679	1	0.05	33	18	0.0583954	0.00147259
681	1	0.05	34	18	0.0582733	0.00146832
683	1	0.05	34	16	0.0621796	0.00146391
685	1	0.05	34	16	0.0619812	0.00145923
687	1	0.05	34	18	0.0591125	0.00145584
689	1	0.05	34	16	0.062973	0.00145106
691	1	0.05	34	16	0.0628204	0.00144752
693	1	0.05	34	16	0.0665741	0.00144279
695	1	0.05	34	18	0.0584517	0.00143884
697	1	0.05	34	18	0.0582733	0.00143438
699	1	0.05	34	18	0.0581207	0.00143079
701	1	0.05	35	16	0.0619812	0.00142619
703	1	0.05	35	18	0.059166	0.00142239
705	1	0.05	35	16	0.0629349	0.00141845
707	1	0.05	35	16	0.062767	0.00141436
709	1	0.05	35	16	0.0664597	0.00141039
711	1	0.05	35	20	0.0545487	0.00140648
713	1	0.05	35	20	0.0544128	0.00140233
715	1	0.05	35	18	0.058197	0.00139839
717	1	0.05	35	16	0.0619049	0.00139492
719	1	0.05	35	18	0.059166	0.00139081
721	1	0.05	36	16	0.0628967	0.00138727
723	1	0.05	36	16	0.0664978	0.00138256
725	1	0.05	36	16	0.0638123	0.00137886
727	1	0.05	36	18	0.0572815	0.00137594
729	1	0.05	36	20	0.0545387	0.00137175
731	1	0.05	36	20	0.0544128	0.00136784
733	1	0.05	36	18	0.0580902	0.0013641
735	1	0.05	36	18	0.0591888	0.00136026
737	1	0.05	36	16	0.0627899	0.00135662
739	1	0.05	36	16	0.0626297	0.00135327
741	1	0.05	37	16	0.0637665	0.00134939
743	1	0.05	37	18	0.0598679	0.00134582
745	1	0.05	37	20	0.0546722	0.001342
747	1	0.05	37	20	0.0507278	0.00133884
749	1	0.05	37	20	0.0544128	0.00133501
751	1	0.05	37	18	0.0592422	0.00133171
753	1	0.05	37	16	0.062767	0.00132802
755	1	0.05	37	16	0.0625916	0.00132415
757	1	0.05	37	18	0.0599823	0.00132068
759	1	0.05	37	18	0.0598297	0.00131756
761	1	0.05	38	18	0.0572815	0.00131439
763	1	0.05	38	20	0.053421	0.00131068
765	1	0.05	38	20	0.0545197	0.00130726
767	1	0.05	38	20	0.0506897	0.00130433
769	1	0.05	38	16	0.0627136	0.00129996
771	1	0.05	38	16	0.0625916	0.00129699
773	1	0.05	38	18	0.0600128	0.00129377
775	1	0.05	38	18	0.0598679	0.00129027
777	1	0.05	38	18	0.0573273	0.00128725
779	1	0.05	38	18	0.0571747	0.00128353
781	1	0.05	39	20	0.0534511	0.0012804
783	1	0.05	39	20	0.0545197	0.00127728
785	1	0.05	39	16	0.0627136	0.0012738
787	1	0.05	39	16	0.0625381	0.00127077
789	1	0.05	39	22	0.0468674	0.00126737
791	1	0.05	39	18	0.059906	0.00126409
793	1	0.05	39	18	0.0562286	0.00126136
795	1	0.05	39	18	0.0572815	0.00125852
797	1	0.05	39	18	0.0570984	0.00125426
799	1	0.05	39	20	0.0534401	0.00125157
801	1	0.05	40	16	0.0626678	0.00124837
803	1	0.05	40	16	0.0625153	0.00124558
805	1	0.05	40	18	0.0589142	0.00124249
807	1	0.05	40	18	0.059906	0.00123879
809	1	0.05	40	18	0.0597839	0.00123598
811	1	0.05	40	18	0.0561829	0.0012335
813	1	0.05	40	18	0.0571747	0.00122974
815	1	0.05	40	18	0.0570469	0.00122702
817	1	0.05	40	16	0.0625916	0.00122392
819	1	0.05	40	20	0.0533142	0.00122045
821	1	0.05	41	20	0.0543671	0.00121769
823	1	0.05	41	18	0.059906	0.00121449
825	1	0.05	41	18	0.0597839	0.00121176
827	1	0.05	41	18	0.0562668	0.00120913
829	1	0.05	41	18	0.0561295	0.00120634
831	1	0.05	41	22	0.0468559	0.00120332
833	1	0.05	41	16	0.0625381	0.00120053
835	1	0.05	41	20	0.0534973	0.00119814
837	1	0.05	41	20	0.0533562	0.00119474
839	1	0.05	41	20	0.0543489	0.0011919
841	1	0.05	42	20	0.0542517	0.00118905
843	1	0.05	42	18	0.0552406	0.00118627
845	1	0.05	42	18	0.0562286	0.00118365
847	1	0.05	42	18	0.0561066	0.00118095
849	1	0.05	42	16	0.0625153	0.00117801
851	1	0.05	42	18	0.0580139	0.00117528
853	1	0.05	42	22	0.0467834	0.00117253
855	1	0.05	42	20	0.0533676	0.00116946
857	1	0.05	42	20	0.0543489	0.00116688
859	1	0.05	42	20	0.0542145	0.00116421
861	1	0.05	43	18	0.0552063	0.0011616
863	1	0.05	43	18	0.0561829	0.00115906
865	1	0.05	43	18	0.056057	0.00115606
867	1	0.05	43	18	0.0569916	0.00115311
869	1	0.05	43	18	0.0579472	0.00115075
871	1	0.05	43	20	0.0523987	0.00114812
873	1	0.05	43	22	0.0468488	0.00114548
875	1	0.05	43	20	0.0532684	0.00114267
877	1	0.05	43	20	0.0542145	0.00114031
879	1	0.05	43	18	0.0551682	0.00113756
881	1	0.05	44	18	0.0561409	0.00113507
883	1	0.05	44	18	0.0570984	0.0011324
885	1	0.05	44	18	0.056951	0.00112994
887	1	0.05	44	18	0.0578918	0.00112786
889	1	0.05	44	20	0.052475	0.00112479
891	1	0.05	44	20	0.0523497	0.00112234
893	1	0.05	44	20	0.0533142	0.00111974
895	1	0.05	44	22	0.0467834	0.00111756
897	1	0.05	44	18	0.0551519	0.00111481
899	1	0.05	44	18	0.056076	0.00111223
901	1	0.05	45	18	0.0570221	0.00111002
903	1	0.05	45	18	0.05793	0.00110748
905	1	0.05	45	18	0.0588074	0.00110446
907	1	0.05	45	20	0.0514832	0.00110247
909	1	0.05	45	20	0.0523987	0.00110054
911	1	0.05	45	20	0.0533142	0.00109741
913	1	0.05	45	20	0.0542145	0.00109532
915	1	0.05	45	22	0.0458069	0.00109344
917	1	0.05	45	22	0.0467415	0.00109057
919	1	0.05	45	18	0.0569153	0.00108827
921	1	0.05	46	18	0.0578575	0.00108571
923	1	0.05	46	18	0.0587311	0.00108344
925	1	0.05	46	20	0.0505066	0.00108096
927	1	0.05	46	20	0.0514069	0.00107894
929	1	0.05	46	20	0.0523224	0.00107667
931	1	0.05	46	20	0.0542145	0.00107412
933	1	0.05	46	18	0.05513	0.00107206
935	1	0.05	46	18	0.0559998	0.00106919
937	1	0.05	46	22	0.0467834	0.00106752
939	1	0.05	46	18	0.0587311	0.00106502
941	1	0.05	47	22	0.0486145	0.00106274
943	1	0.05	47	22	0.049552	0.00106044
945	1	0.05	47	20	0.050457	0.00105818
947	1	0.05	47	20	0.052352	0.00105595
949	1	0.05	47	20	0.0532417	0.00105381
951	1	0.05	47	18	0.0550842	0.00105162
953	1	0.05	47	18	0.0559998	0.00104929
955	1	0.05	47	18	0.0578156	0.00104733
957	1	0.05	47	24	0.0448151	0.00104497
959	1	0.05	47	22	0.0467415	0.00104283
961	1	0.05	48	22	0.0476522	0.00104056
963	1	0.05	48	22	0.0495377	0.00103848
965	1	0.05	48	20	0.0514069	0.00103641
967	1	0.05	48	20	0.0522919	0.00103408
969	1	0.05	48	20	0.0541077	0.00103215
971	1	0.05	48	18	0.0559425	0.00102991
973	1	0.05	48	18	0.0586853	0.00102738
975	1	0.05	48	18	0.0576324	0.00102583
977	1	0.05	48	20	0.051754	0.00102353
979	1	0.05	48	24	0.0448151	0.00102154
981	1	0.05	49	22	0.0467072	0.00101958
983	1	0.05	49	22	0.0485687	0.00101725
985	1	0.05	49	20	0.0513573	0.00101518
987	1	0.05	49	20	0.0541077	0.0010133
989	1	0.05	49	18	0.0568695	0.00101111
991	1	0.05	49	18	0.058609	0.00100913
993	1	0.05	49	18	0.0556946	0.00100737
995	1	0.05	49	20	0.052742	0.00100505
997	1	0.05	49	20	0.0497894	0.00100282
999	1	0.05	49	24	0.0439148	0.00100035
1001	1	0.05	50	24	0.043869	0.000998885
1003	1	0.05	50	22	0.0476227	0.000997274
1005	1	0.05	50	20	0.0522528	0.000995023
1007	1	0.05	50	18	0.0586853	0.000993028
1009	1	0.05	50	18	0.0576324	0.0009913
1011	1	0.05	50	18	0.0556946	0.000989653
1013	1	0.05	50	20	0.0527802	0.000987075
1015	1	0.05	50	20	0.0517349	0.000985231
1017	1	0.05	50	20	0.0497894	0.000983261
1019	1	0.05	50	22	0.0468674	0.000981235
1021	1	0.05	51	24	0.0448914	0.000978882
1023	1	0.05	51	24	0.0419769	0.000977195
1025	1	0.05	51	18	0.0576706	0.0009755
1027	1	0.05	51	18	0.0566635	0.000973692
1029	1	0.05	51	20	0.054718	0.000971971
1031	1	0.05	51	20	0.0537262	0.000970168
1033	1	0.05	51	20	0.0517883	0.000968353
1035	1	0.05	51	20	0.050766	0.000965975
1037	1	0.05	51	20	0.0497665	0.000964303
1039	1	0.05	51	22	0.0478287	0.000962504
1041	1	0.05	52	22	0.0468292	0.000960693
1043	1	0.05	52	24	0.0448914	0.000958298
1045	1	0.05	52	24	0.0439148	0.000956795
1047	1	0.05	52	20	0.054718	0.000955321
1049	1	0.05	52	20	0.0537262	0.000953429
1051	1	0.05	52	20	0.0518341	0.000951649
1053	1	0.05	52	20	0.0508118	0.000949745
1055	1	0.05	52	20	0.0507393	0.000947912
1057	1	0.05	52	20	0.0497456	0.000946092
1059	1	0.05	52	22	0.0487595	0.000944264
1061	1	0.05	53	18	0.0566864	0.00094239
1063	1	0.05	53	22	0.0458832	0.000940528
1065	1	0.05	53	24	0.0448914	0.000938562
1067	1	0.05	53	20	0.0537262	0.000937256
1069	1	0.05	53	20	0.0527554	0.000935437
1071	1	0.05	53	20	0.0517883	0.000934087
1073	1	0.05	53	20	0.0516815	0.000931838
1075	1	0.05	53	20	0.0506897	0.00093037
1077	1	0.05	53	20	0.0497131	0.000928623
1079	1	0.05	53	18	0.0557442	0.00092679
1081	1	0.05	54	18	0.0556946	0.00092546
1083	1	0.05	54	22	0.0468292	0.000923487
1085	1	0.05	54	22	0.0458603	0.000921565
1087	1	0.05	54	24	0.0448914	0.000919624
1089	1	0.05	54	20	0.0517883	0.000918274
1091	1	0.05	54	20	0.0508556	0.000916558
1093	1	0.05	54	20	0.0498962	0.000914626
1095	1	0.05	54	20	0.0506897	0.000913663
1097	1	0.05	54	20	0.0497131	0.00091182
1099	1	0.05	54	18	0.0547714	0.00090984
1101	1	0.05	55	20	0.054718	0.000908625
1103	1	0.05	55	22	0.0468674	0.000906506
1105	1	0.05	55	22	0.0467834	0.000905237
1107	1	0.05	55	22	0.0458069	0.000903345
1109	1	0.05	55	24	0.0448914	0.000901435
1111	1	0.05	55	20	0.0508118	0.000900259
1113	1	0.05	55	20	0.0498962	0.000898341
1115	1	0.05	55	22	0.0489388	0.00089689
1117	1	0.05	55	18	0.0547714	0.000895235
1119	1	0.05	55	22	0.0487595	0.000893529
1121	1	0.05	56	22	0.0478458	0.00089208
1123	1	0.05	56	20	0.0528336	0.000890553
1125	1	0.05	56	22	0.0468292	0.000889058
1127	1	0.05	56	22	0.0458832	0.000887062
1129	1	0.05	56	22	0.0458069	0.000885974
1131	1	0.05	56	20	0.0508118	0.000884625
1133	1	0.05	56	20	0.0498581	0.000882491
1135	1	0.05	56	18	0.05476	0.000881031
1137	1	0.05	56	20	0.0497131	0.000879975
1139	1	0.05	56	22	0.0487976	0.000877943
1141	1	0.05	57	22	0.0486908	0.000876184
1143	1	0.05	57	20	0.0527611	0.000874838
1145	1	0.05	57	22	0.0468674	0.000873314
1147	1	0.05	57	22	0.0467834	0.00087212
1149	1	0.05	57	22	0.0458832	0.000870311
1151	1	0.05	57	22	0.0458069	0.000869258
1153	1	0.05	57	18	0.0547543	0.000867298
1155	1	0.05	57	22	0.0489388	0.00086582
1157	1	0.05	57	20	0.0496674	0.000864085
1159	1	0.05	57	22	0.0487976	0.000862763
1161	1	0.05	58	22	0.0487213	0.000861589
1163	1	0.05	58	20	0.0519104	0.000860293
1165	1	0.05	58	20	0.0517883	0.000858538
1167	1	0.05	58	22	0.0468292	0.000857104
1169	1	0.05	58	22	0.0467415	0.000855458
1171	1	0.05	58	22	0.0458469	0.000854005
1173	1	0.05	58	22	0.0457687	0.000852455
1175	1	0.05	58	22	0.0489388	0.000851078
1177	1	0.05	58	20	0.0496674	0.000849505
1179	1	0.05	58	22	0.047966	0.000848086
1181	1	0.05	59	22	0.0487213	0.000846956
1183	1	0.05	59	20	0.0518341	0.000845407
1185	1	0.05	59	20	0.050952	0.00084387
1187	1	0.05	59	22	0.0468559	0.0008424
1189	1	0.05	59	22	0.0467834	0.000841342
1191	1	0.05	59	22	0.0467072	0.000839808
1193	1	0.05	59	22	0.0458069	0.000838361
1195	1	0.05	59	22	0.0489388	0.00083683
1197	1	0.05	59	20	0.0496674	0.000835409
1199	1	0.05	59	22	0.0480042	0.00083445
1201	1	0.05	60	22	0.0487213	0.000832813
1203	1	0.05	60	20	0.0517883	0.000831492
1205	1	0.05	60	20	0.0509186	0.000829993
1207	1	0.05	60	18	0.054718	0.000828605
1209	1	0.05	60	24	0.0428162	0.000826571
1211	1	0.05	60	22	0.0467415	0.000825805
1213	1	0.05	60	22	0.0458832	0.000824339
1215	1	0.05	60	22	0.0458069	0.000823379
1217	1	0.05	60	20	0.0496407	0.000821711
1219	1	0.05	60	22	0.0480042	0.000820621
1221	1	0.05	61	20	0.0518341	0.000819176
1223	1	0.05	61	20	0.0509949	0.000817616
1225	1	0.05	61	20	0.0508881	0.00081621
1227	1	0.05	61	20	0.0508118	0.000815294
1229	1	0.05	61	24	0.042942	0.000813674
1231	1	0.05	61	24	0.0428696	0.000812214
1233	1	0.05	61	24	0.0428162	0.000810829
1235	1	0.05	61	22	0.0458517	0.000809704
1237	1	0.05	61	22	0.0458069	0.000808922
1239	1	0.05	61	22	0.0480042	0.000807243
1241	1	0.05	62	20	0.0517883	0.000806097
1243	1	0.05	62	20	0.0509415	0.000804595
1245	1	0.05	62	20	0.0508556	0.000803191
1247	1	0.05	62	22	0.047699	0.000801427
1249	1	0.05	62	22	0.0476522	0.000800635
1251	1	0.05	62	22	0.0467834	0.000799368
1253	1	0.05	62	26	0.0390396	0.000798138
1255	1	0.05	62	24	0.0428162	0.000796317
1257	1	0.05	62	22	0.0458069	0.000795608
1259	1	0.05	62	22	0.0480042	0.000794295
1261	1	0.05	63	20	0.0509949	0.000792848
1263	1	0.05	63	20	0.0509186	0.000791978
1265	1	0.05	63	20	0.0508118	0.000790636
1267	1	0.05	63	22	0.0477467	0.000789271
1269	1	0.05	63	22	0.047699	0.000787983
1271	1	0.05	63	22	0.0461121	0.000786667
1273	1	0.05	63	22	0.0467834	0.000785875
1275	1	0.05	63	24	0.042923	0.000784322
1277	1	0.05	63	24	0.0428696	0.000783007
1279	1	0.05	63	26	0.0390167	0.000781991
1281	1	0.05	64	20	0.0509548	0.000780624
1283	1	0.05	64	20	0.0508881	0.000779398
1285	1	0.05	64	20	0.0508118	0.000778553
1287	1	0.05	64	22	0.0470123	0.000777016
1289	1	0.05	64	22	0.047699	0.000775591
1291	1	0.05	64	20	0.0498199	0.000774638
1293	1	0.05	64	22	0.0460663	0.000773241
1295	1	0.05	64	22	0.04673	0.000772205
1297	1	0.05	64	24	0.0429611	0.000770896
1299	1	0.05	64	24	0.0428925	0.000769615
1301	1	0.05	65	24	0.0428162	0.000768112
1303	1	0.05	65	20	0.0508461	0.000767483
1305	1	0.05	65	22	0.0486145	0.000766728
1307	1	0.05	65	22	0.0470543	0.000765066
1309	1	0.05	65	22	0.0469818	0.000763796
1311	1	0.05	65	20	0.0498199	0.000762921
1313	1	0.05	65	24	0.0439148	0.000761284
1315	1	0.05	65	22	0.0460453	0.000760477
1317	1	0.05	65	22	0.0467072	0.000759473
1319	1	0.05	65	22	0.0466003	0.000757661
1321	1	0.05	66	24	0.042942	0.000757064
1323	1	0.05	66	20	0.0508118	0.000756036
1325	1	0.05	66	22	0.0486145	0.000755109
1327	1	0.05	66	22	0.0470886	0.000753362
1329	1	0.05	66	22	0.0470123	0.000752546
1331	1	0.05	66	22	0.0476608	0.00075125
1333	1	0.05	66	24	0.0447083	0.000750341
1335	1	0.05	66	24	0.0439148	0.000748641
1337	1	0.05	66	22	0.04673	0.000747961
1339	1	0.05	66	22	0.0466766	0.000746788
1341	1	0.05	67	22	0.0451965	0.000746081
1343	1	0.05	67	24	0.0429611	0.000744484
1345	1	0.05	67	22	0.0486145	0.000743836
1347	1	0.05	67	22	0.0470886	0.000741953
1349	1	0.05	67	22	0.0470448	0.000741307
1351	1	0.05	67	22	0.0469818	0.000740124
1353	1	0.05	67	22	0.0490265	0.000739283
1355	1	0.05	67	26	0.0390167	0.000738152
1357	1	0.05	67	24	0.0446529	0.000736903
1359	1	0.05	67	22	0.0467072	0.000736006
1361	1	0.05	68	22	0.046648	0.000734782
1363	1	0.05	68	22	0.0451965	0.000734113
1365	1	0.05	68	22	0.0451202	0.000732828
1367	1	0.05	68	22	0.0471344	0.000731592
1369	1	0.05	68	22	0.0470886	0.000730345
1371	1	0.05	68	22	0.0470123	0.00072957
1373	1	0.05	68	22	0.0490265	0.000728519
1375	1	0.05	68	24	0.0447845	0.000727175
1377	1	0.05	68	24	0.0447083	0.000726393
1379	1	0.05	68	26	0.039053	0.000725158
1381	1	0.05	69	26	0.0389862	0.000723835
1383	1	0.05	69	22	0.0466003	0.000722727
1385	1	0.05	69	22	0.0451584	0.000721914
1387	1	0.05	69	22	0.048542	0.000721011
1389	1	0.05	69	22	0.0470886	0.000719617
1391	1	0.05	69	22	0.0470352	0.000718978
1393	1	0.05	69	22	0.0490265	0.000718064
1395	1	0.05	69	22	0.0489445	0.000716849
1397	1	0.05	69	24	0.0447845	0.000715746
1399	1	0.05	69	24	0.0447083	0.000714984
1401	1	0.05	70	24	0.0446701	0.000713772
1403	1	0.05	70	22	0.046648	0.000712775
1405	1	0.05	70	26	0.0390396	0.00071185
1407	1	0.05	70	26	0.0389862	0.000710646
1409	1	0.05	70	22	0.0471344	0.000709887
1411	1	0.05	70	22	0.0470886	0.000708692
1413	1	0.05	70	22	0.0469818	0.0007075
1415	1	0.05	70	22	0.0489445	0.000706714
1417	1	0.05	70	24	0.0428162	0.000705565
1419	1	0.05	70	24	0.0427437	0.000704749
1421	1	0.05	71	24	0.0447083	0.000703841
1423	1	0.05	71	24	0.0446587	0.000702683
1425	1	0.05	71	22	0.0466003	0.000701409
1427	1	0.05	71	22	0.0451965	0.000700904
1429	1	0.05	71	22	0.0451479	0.000699805
1431	1	0.05	71	22	0.0470886	0.000698588
1433	1	0.05	71	22	0.0470123	0.000697869
1435	1	0.05	71	22	0.0489473	0.000696875
1437	1	0.05	71	22	0.0488739	0.000695751
1439	1	0.05	71	24	0.0428162	0.000694553
1441	1	0.05	72	24	0.0427704	0.000693742
1443	1	0.05	72	24	0.0447083	0.000693123
1445	1	0.05	72	24	0.0446587	0.000691991
1447	1	0.05	72	22	0.0466003	0.000690974
1449	1	0.05	72	22	0.0451965	0.000690332
1451	1	0.05	72	22	0.0470886	0.000688768
1453	1	0.05	72	22	0.0470504	0.00068823
1455	1	0.05	72	22	0.0489473	0.000687294
1457	1	0.05	72	22	0.0488739	0.000686192
1459	1	0.05	72	26	0.0389442	0.000685458
1461	1	0.05	73	26	0.0408783	0.000684274
1463	1	0.05	73	24	0.0428162	0.000683329
1465	1	0.05	73	24	0.0427532	0.000682586
1467	1	0.05	73	24	0.0446587	0.000681619
1469	1	0.05	73	24	0.0445862	0.000680861
1471	1	0.05	73	22	0.0451965	0.000680075
1473	1	0.05	73	22	0.0470886	0.000678753
1475	1	0.05	73	22	0.0489473	0.000677972
1477	1	0.05	73	20	0.0508118	0.000677306
1479	1	0.05	73	22	0.0475159	0.000676241
1481	1	0.05	74	28	0.0370598	0.000675169
1483	1	0.05	74	26	0.0389862	0.000674223
1485	1	0.05	74	26	0.0408783	0.000673202
1487	1	0.05	74	26	0.040802	0.000672495
1489	1	0.05	74	24	0.0426941	0.000671125
1491	1	0.05	74	24	0.0445862	0.000670813
1493	1	0.05	74	22	0.0451965	0.000670118
1495	1	0.05	74	22	0.0470352	0.000668917
1497	1	0.05	74	22	0.0488739	0.00066784
1499	1	0.05	74	22	0.0469055	0.000667259
1501	1	0.05	75	22	0.0456085	0.000666446
1503	1	0.05	75	24	0.044281	0.000665286
1505	1	0.05	75	26	0.0403557	0.000664437
1507	1	0.05	75	30	0.0351334	0.000663651
1509	1	0.05	75	28	0.0370178	0.000662875
1511	1	0.05	75	26	0.0408401	0.000661918
1513	1	0.05	75	24	0.0445862	0.000661058
1515	1	0.05	75	22	0.0470886	0.000660013
1517	1	0.05	75	22	0.0488739	0.000659027
1519	1	0.05	75	22	0.0469398	0.000658336
1521	1	0.05	76	22	0.0475159	0.000657631
1523	1	0.05	76	22	0.045578	0.000656483
1525	1	0.05	76	24	0.044281	0.000655651
1527	1	0.05	76	24	0.0423126	0.000654982
1529	1	0.05	76	26	0.0403671	0.000653988
1531	1	0.05	76	26	0.0390396	0.000653187
1533	1	0.05	76	28	0.0370941	0.000652209
1535	1	0.05	76	30	0.0351334	0.00065152
1537	1	0.05	76	22	0.0488739	0.000650444
1539	1	0.05	76	22	0.0469818	0.000649755
1541	1	0.05	77	22	0.0469055	0.000649023
1543	1	0.05	77	22	0.0456085	0.00064809
1545	1	0.05	77	22	0.045578	0.000647234
1547	1	0.05	77	24	0.043644	0.000646422
1549	1	0.05	77	24	0.0442047	0.000645647
1551	1	0.05	77	24	0.0422821	0.000644544
1553	1	0.05	77	26	0.0403671	0.000643805
1555	1	0.05	77	26	0.0409431	0.000643112
1557	1	0.05	77	26	0.0390167	0.000642314
1559	1	0.05	77	22	0.0469818	0.000641244
1561	1	0.05	78	22	0.0469484	0.000640616
1563	1	0.05	78	22	0.0475159	0.000640113
1565	1	0.05	78	22	0.0456085	0.000639081
1567	1	0.05	78	22	0.0455508	0.000638156
1569	1	0.05	78	24	0.043663	0.000637314
1571	1	0.05	78	24	0.0442047	0.000636565
1573	1	0.05	78	24	0.0423126	0.00063574
1575	1	0.05	78	24	0.0422821	0.000634876
1577	1	0.05	78	26	0.04039	0.000634053
1579	1	0.05	78	22	0.0470123	0.000633359
1581	1	0.05	79	22	0.0469818	0.000632453
1583	1	0.05	79	22	0.0469055	0.000631846
1585	1	0.05	79	26	0.0389633	0.000630853
1587	1	0.05	79	28	0.0370712	0.000630015
1589	1	0.05	79	22	0.0455399	0.000629393
1591	1	0.05	79	24	0.0436859	0.000628516
1593	1	0.05	79	24	0.0442276	0.000627843
1595	1	0.05	79	24	0.0417538	0.000626944
1597	1	0.05	79	24	0.0423126	0.000626338
1599	1	0.05	79	24	0.0422592	0.000625381
1601	1	0.05	80	22	0.0470123	0.000624789
1603	1	0.05	80	22	0.0469398	0.00062384
1605	1	0.05	80	22	0.0474701	0.000622904
1607	1	0.05	80	26	0.0384407	0.00062233
1609	1	0.05	80	26	0.0389862	0.000621321
1611	1	0.05	80	26	0.0389442	0.00062075
1613	1	0.05	80	24	0.0436859	0.000619852
1615	1	0.05	80	24	0.0436096	0.000619249
1617	1	0.05	80	24	0.0441742	0.000618336
1619	1	0.05	80	24	0.0417175	0.000617262
1621	1	0.05	81	24	0.0422821	0.000616705
1623	1	0.05	81	22	0.0469818	0.000616136
1625	1	0.05	81	22	0.0469055	0.000615554
1627	1	0.05	81	26	0.0403557	0.000614583
1629	1	0.05	81	26	0.0409088	0.000614037
1631	1	0.05	81	22	0.045578	0.000613087
1633	1	0.05	81	26	0.0384293	0.00061243
1635	1	0.05	81	26	0.0389862	0.00061158
1637	1	0.05	81	26	0.0389099	0.000610489
1639	1	0.05	81	24	0.0441742	0.000609997
1641	1	0.05	82	24	0.0417938	0.000609307
1643	1	0.05	82	22	0.0469818	0.000608476
1645	1	0.05	82	22	0.0469055	0.000607906
1647	1	0.05	82	22	0.0474701	0.00060715
1649	1	0.05	82	26	0.0404205	0.000606579
1651	1	0.05	82	26	0.0403671	0.000605638
1653	1	0.05	82	22	0.0455532	0.000604938
1655	1	0.05	82	22	0.0455017	0.000604041
1657	1	0.05	82	26	0.0384827	0.000603861
1659	1	0.05	82	26	0.0384064	0.00060278
1661	1	0.05	83	26	0.0389633	0.000601978
1663	1	0.05	83	26	0.0389099	0.000601024
1665	1	0.05	83	22	0.0469589	0.000600542
1667	1	0.05	83	22	0.0469055	0.000600082
1669	1	0.05	83	24	0.0422592	0.000599136
1671	1	0.05	83	24	0.0422058	0.000598236
1673	1	0.05	83	26	0.0398445	0.00059775
1675	1	0.05	83	26	0.04039	0.000597007
1677	1	0.05	83	24	0.0431824	0.000595959
1679	1	0.05	83	24	0.0431507	0.000595589
1681	1	0.05	84	24	0.0436859	0.000594814
1683	1	0.05	84	26	0.0384827	0.000594564
1685	1	0.05	84	26	0.0384064	0.000593502
1687	1	0.05	84	22	0.0469055	0.000592811
1689	1	0.05	84	26	0.0389099	0.000591895
1691	1	0.05	84	24	0.0422821	0.000591231
1693	1	0.05	84	24	0.0422401	0.000590719
1695	1	0.05	84	24	0.0427532	0.000589946
1697	1	0.05	84	26	0.0398865	0.000589234
1699	1	0.05	84	24	0.0432281	0.000588736
1701	1	0.05	85	24	0.0431824	0.000587703
1703	1	0.05	85	24	0.0436859	0.000587048
1705	1	0.05	85	24	0.043644	0.000586548
1707	1	0.05	85	22	0.0469589	0.000585809
1709	1	0.05	85	22	0.0469055	0.000585369
1711	1	0.05	85	26	0.0389862	0.00058441
1713	1	0.05	85	26	0.0389099	0.000583382
1715	1	0.05	85	26	0.0389099	0.000583038
1717	1	0.05	85	24	0.0422058	0.000582116
1719	1	0.05	85	24	0.0427322	0.000581805
1721	1	0.05	86	26	0.0398865	0.000580855
1723	1	0.05	86	24	0.0431824	0.000580075
1725	1	0.05	86	24	0.0431461	0.000579711
1727	1	0.05	86	24	0.0436535	0.000579019
1729	1	0.05	86	22	0.0469055	0.000578448
1731	1	0.05	86	24	0.0440979	0.000577831
1733	1	0.05	86	30	0.0351105	0.000577095
1735	1	0.05	86	30	0.03508	0.00057626
1737	1	0.05	86	26	0.0389633	0.000575672
1739	1	0.05	86	26	0.0389099	0.000574778
1741	1	0.05	87	24	0.0422058	0.000574152
1743	1	0.05	87	24	0.0426941	0.000573389
1745	1	0.05	87	26	0.0398865	0.000572757
1747	1	0.05	87	24	0.0431824	0.000572312
1749	1	0.05	87	24	0.043663	0.000571682
1751	1	0.05	87	22	0.0469055	0.00057136
1753	1	0.05	87	24	0.0440979	0.000570539
1755	1	0.05	87	24	0.0440598	0.00056972
1757	1	0.05	87	26	0.0412903	0.000569446
1759	1	0.05	87	28	0.0379181	0.000568538
1761	1	0.05	88	30	0.0351105	0.000567876
1763	1	0.05	88	30	0.03508	0.000567058
1765	1	0.05	88	26	0.0389099	0.000566379
1767	1	0.05	88	24	0.0426941	0.000565761
1769	1	0.05	88	24	0.0431824	0.000565077
1771	1	0.05	88	22	0.0469055	0.000564765
1773	1	0.05	88	24	0.0436096	0.000564085
1775	1	0.05	88	24	0.0440979	0.000563428
1777	1	0.05	88	24	0.0440979	0.000563107
1779	1	0.05	88	26	0.040802	0.000562491
1781	1	0.05	89	26	0.0412903	0.000561753
1783	1	0.05	89	24	0.0417709	0.000560767
1785	1	0.05	89	28	0.0379181	0.000560224
1787	1	0.05	89	26	0.0384293	0.000559614
1789	1	0.05	89	30	0.0351334	0.000559092
1791	1	0.05	89	30	0.03508	0.000558172
1793	1	0.05	89	22	0.0469055	0.000558006
1795	1	0.05	89	24	0.043644	0.000557143
1797	1	0.05	89	24	0.0436096	0.000556781
1799	1	0.05	89	24	0.0440979	0.00055618
1801	1	0.05	90	24	0.0445862	0.000555529
1803	1	0.05	90	26	0.040802	0.000554942
1805	1	0.05	90	26	0.0412903	0.000554312
1807	1	0.05	90	26	0.0412369	0.000553492
1809	1	0.05	90	28	0.0379944	0.000553158
1811	1	0.05	90	28	0.0379181	0.000552186
1813	1	0.05	90	26	0.0384293	0.000551646
1815	1	0.05	90	26	0.0389099	0.000550687
1817	1	0.05	90	30	0.0345917	0.000550249
1819	1	0.05	90	24	0.0436096	0.000549969
1821	1	0.05	91	24	0.0440979	0.000549362
1823	1	0.05	91	24	0.0445862	0.000548822
1825	1	0.05	91	26	0.0403137	0.000548217
1827	1	0.05	91	26	0.040802	0.000547635
1829	1	0.05	91	26	0.0412903	0.000547065
1831	1	0.05	91	26	0.041214	0.00054616
1833	1	0.05	91	24	0.0417175	0.000545411
1835	1	0.05	91	22	0.0469055	0.000545262
1837	1	0.05	91	28	0.0379181	0.000544375
1839	1	0.05	91	26	0.0384064	0.000543794
1841	1	0.05	92	26	0.0389099	0.000542972
1843	1	0.05	92	26	0.0388718	0.00054257
1845	1	0.05	92	24	0.0440598	0.000542001
1847	1	0.05	92	26	0.0398331	0.000541472
1849	1	0.05	92	26	0.0403137	0.000541042
1851	1	0.05	92	26	0.040802	0.000540519
1853	1	0.05	92	26	0.0412903	0.000540006
1855	1	0.05	92	32	0.0312471	0.000539095
1857	1	0.05	92	24	0.0417175	0.000538426
1859	1	0.05	92	28	0.036972	0.00053785
1861	1	0.05	93	28	0.0374565	0.000537331
1863	1	0.05	93	28	0.037941	0.000536855
1865	1	0.05	93	26	0.0384064	0.000536229
1867	1	0.05	93	26	0.0389099	0.000535511
1869	1	0.05	93	24	0.0445099	0.000535046
1871	1	0.05	93	26	0.0393219	0.000534521
1873	1	0.05	93	26	0.0398102	0.000534038
1875	1	0.05	93	26	0.0402679	0.000533163
1877	1	0.05	93	26	0.0407503	0.000532762
1879	1	0.05	93	26	0.041214	0.000532253
1881	1	0.05	94	24	0.0417175	0.000531567
1883	1	0.05	94	24	0.0421677	0.000531038
1885	1	0.05	94	28	0.036972	0.000530307
1887	1	0.05	94	32	0.0312443	0.000529968
1889	1	0.05	94	28	0.037941	0.000529471
1891	1	0.05	94	26	0.0384064	0.000528907
1893	1	0.05	94	26	0.0389099	0.000528252
1895	1	0.05	94	26	0.0393515	0.0005277
1897	1	0.05	94	26	0.0398102	0.000527184
1899	1	0.05	94	26	0.0403137	0.000526962
1901	1	0.05	95	26	0.0407639	0.000526014
1903	1	0.05	95	26	0.041214	0.000525515
1905	1	0.05	95	24	0.0417175	0.00052493
1907	1	0.05	95	24	0.042654	0.000524373
1909	1	0.05	95	24	0.0431061	0.000523886
1911	1	0.05	95	28	0.0364838	0.00052315
1913	1	0.05	95	28	0.036972	0.000522728
1915	1	0.05	95	28	0.0374298	0.000522314
1917	1	0.05	95	26	0.0384064	0.000521783
1919	1	0.05	95	32	0.0312386	0.000521141
1921	1	0.05	96	26	0.0393219	0.000520564
1923	1	0.05	96	26	0.0398102	0.00052019
1925	1	0.05	96	26	0.0407639	0.00051944
1927	1	0.05	96	26	0.041214	0.000518991
1929	1	0.05	96	24	0.0422058	0.000518389
1931	1	0.05	96	24	0.0426178	0.000517871
1933	1	0.05	96	24	0.0436096	0.000517674
1935	1	0.05	96	30	0.0355301	0.000516801
1937	1	0.05	96	28	0.0359955	0.000516094
1939	1	0.05	96	28	0.036972	0.000515632
1941	1	0.05	97	28	0.0374298	0.000515243
1943	1	0.05	97	26	0.0384064	0.000514814
1945	1	0.05	97	26	0.0388603	0.000514121
1947	1	0.05	97	26	0.0398102	0.000513683
1949	1	0.05	97	26	0.0402679	0.000512977
1951	1	0.05	97	32	0.0312271	0.000512558
1953	1	0.05	97	24	0.0421677	0.000512018
1955	1	0.05	97	24	0.0431061	0.000511619
1957	1	0.05	97	24	0.0440407	0.000511018
1959	1	0.05	97	22	0.0449677	0.00051036
1961	1	0.05	98	30	0.0345917	0.000509942
1963	1	0.05	98	30	0.0355301	0.000509434
1965	1	0.05	98	28	0.0364838	0.00050874
1967	1	0.05	98	28	0.0369506	0.000508388
1969	1	0.05	98	28	0.0378876	0.000507687
1971	1	0.05	98	26	0.0388336	0.000507375
1973	1	0.05	98	26	0.0397797	0.000506692
1975	1	0.05	98	26	0.041214	0.000506418
1977	1	0.05	98	24	0.0421467	0.000505824
1979	1	0.05	98	24	0.04356	0.000505279
1981	1	0.05	99	24	0.0444794	0.000504626
1983	1	0.05	99	32	0.0312271	0.000504313
1985	1	0.05	99	26	0.040535	0.000503864
1987	1	0.05	99	32	0.0331459	0.000503315
1989	1	0.05	99	30	0.0340881	0.000502941
1991	1	0.05	99	30	0.0350418	0.000502313
1993	1	0.05	99	28	0.0364838	0.000501716
1995	1	0.05	99	28	0.0378876	0.000501073
1997	1	0.05	99	26	0.0393219	0.000500872
1999	1	0.05	99	26	0.0407257	0.000500322
2001	1	0.05	100	24	0.0426178	0.000499817
2003	1	0.05	100	24	0.0445099	0.000499419
2005	1	0.05	100	24	0.0449295	0.000498802
2007	1	0.05	100	24	0.0429993	0.000498581
2009	1	0.05	100	26	0.040535	0.000497812
2011	1	0.05	100	26	0.0385666	0.000497198
2013	1	0.05	100	30	0.0341721	0.000496669
2015	1	0.05	100	34	0.0307388	0.000496338
2017	1	0.05	100	32	0.0326843	0.000495775
2019	1	0.05	100	30	0.0345688	0.000495293
2021	1	0.05	101	28	0.0369453	0.000494849
2023	1	0.05	101	26	0.0397797	0.000494198
2025	1	0.05	101	24	0.0435499	0.000493827
2027	1	0.05	101	24	0.0449295	0.000493409
2029	1	0.05	101	24	0.0434875	0.000493156
2031	1	0.05	101	24	0.0420074	0.000492486
2033	1	0.05	101	26	0.040535	0.000491905
2035	1	0.05	101	26	0.039093	0.000491709
2037	1	0.05	101	28	0.0380707	0.000490733
2039	1	0.05	101	28	0.0365906	0.000490053
2041	1	0.05	102	30	0.0351543	0.000489948
2043	1	0.05	102	30	0.0336761	0.000489307
2045	1	0.05	102	32	0.0317078	0.000488557
2047	1	0.05	102	34	0.0297699	0.000488292
2049	1	0.05	102	24	0.0444546	0.000488035
2051	1	0.05	102	24	0.0434875	0.000487798
2053	1	0.05	102	24	0.042511	0.000487333
2055	1	0.05	102	24	0.0415192	0.000486692
2057	1	0.05	102	26	0.0405445	0.000486159
2059	1	0.05	102	26	0.0395813	0.000485949
2061	1	0.05	103	26	0.0395279	0.00048521
2063	1	0.05	103	26	0.0385551	0.000484696
2065	1	0.05	103	28	0.0370941	0.000484064
2067	1	0.05	103	28	0.0361023	0.000483392
2069	1	0.05	103	30	0.0351543	0.00048331
2071	1	0.05	103	30	0.0341721	0.000482764
2073	1	0.05	103	32	0.0331879	0.000482185
2075	1	0.05	103	24	0.0429993	0.000482179
2077	1	0.05	103	32	0.0312493	0.000481466
2079	1	0.05	103	34	0.0307474	0.000481014
2081	1	0.05	104	26	0.0410309	0.000480696
2083	1	0.05	104	26	0.0400524	0.000480063
2085	1	0.05	104	26	0.0395813	0.000479986
2087	1	0.05	104	26	0.0390494	0.000479159
2089	1	0.05	104	28	0.0380707	0.000478519
2091	1	0.05	104	28	0.0375824	0.000478136
2093	1	0.05	104	28	0.0365906	0.000477401
2095	1	0.05	104	28	0.0361023	0.000477013
2097	1	0.05	104	30	0.0351543	0.000476849
2099	1	0.05	104	30	0.0346603	0.000476385
2101	1	0.05	105	24	0.0420074	0.000476017
2103	1	0.05	105	24	0.0415192	0.000475619
2105	1	0.05	105	26	0.0410309	0.00047522
2107	1	0.05	105	26	0.040062	0.000474555
2109	1	0.05	105	32	0.0312443	0.00047416
2111	1	0.05	105	34	0.0307522	0.000473703
2113	1	0.05	105	26	0.0390396	0.000473338
2115	1	0.05	105	28	0.0380707	0.000472653
2117	1	0.05	105	28	0.0375824	0.000472242
2119	1	0.05	105	28	0.0370941	0.000471829
2121	1	0.05	106	28	0.0365906	0.00047119
2123	1	0.05	106	28	0.0361023	0.000470772
2125	1	0.05	106	24	0.0420074	0.000470709
2127	1	0.05	106	24	0.0415192	0.000470288
2129	1	0.05	106	26	0.0410309	0.000469867
2131	1	0.05	106	26	0.0400848	0.00046924
2133	1	0.05	106	26	0.0395813	0.000468993
2135	1	0.05	106	26	0.039093	0.000468567
2137	1	0.05	106	26	0.0386047	0.000468138
2139	1	0.05	106	28	0.0381165	0.000467708
2141	1	0.05	107	32	0.0312443	0.000467096
2143	1	0.05	107	34	0.0307579	0.000466625
2145	1	0.05	107	28	0.0370941	0.000466021
2147	1	0.05	107	28	0.0365906	0.000465385
2149	1	0.05	107	28	0.0365906	0.000465167
2151	1	0.05	107	26	0.0410576	0.000464894
2153	1	0.05	107	26	0.0410309	0.000464633
2155	1	0.05	107	26	0.040535	0.000464101
2157	1	0.05	107	26	0.0400429	0.000463608
2159	1	0.05	107	26	0.0395813	0.000463467
2161	1	0.05	108	26	0.039093	0.000462986
2163	1	0.05	108	26	0.0386047	0.000462534
2165	1	0.05	108	28	0.0381165	0.00046208
2167	1	0.05	108	28	0.0380707	0.000461312
2169	1	0.05	108	28	0.038044	0.000461051
2171	1	0.05	108	28	0.0375595	0.000460541
2173	1	0.05	108	32	0.0312386	0.000460223
2175	1	0.05	108	34	0.0307579	0.00045974
2177	1	0.05	108	26	0.0410309	0.000459515
2179	1	0.05	108	26	0.040535	0.000458963
2181	1	0.05	109	26	0.040062	0.000458457
2183	1	0.05	109	26	0.0395813	0.00045825
2185	1	0.05	109	26	0.039093	0.000457778
2187	1	0.05	109	26	0.039093	0.000457567
2189	1	0.05	109	30	0.0341339	0.000456854
2191	1	0.05	109	28	0.0381165	0.000456614
2193	1	0.05	109	28	0.0376358	0.00045604
2195	1	0.05	109	28	0.038044	0.000455603
2197	1	0.05	109	28	0.0375824	0.000455161
2199	1	0.05	109	28	0.0370941	0.00045467
2201	1	0.05	110	28	0.0370598	0.000454295
2203	1	0.05	110	26	0.0405474	0.000453933
2205	1	0.05	110	32	0.0312386	0.000453565
2207	1	0.05	110	32	0.0312042	0.000453192
2209	1	0.05	110	26	0.0395813	0.000452973
2211	1	0.05	110	24	0.0429993	0.000452373
2213	1	0.05	110	30	0.0346603	0.000451814
2215	1	0.05	110	30	0.0346222	0.000451509
2217	1	0.05	110	30	0.0341606	0.000451043
2219	1	0.05	110	28	0.0376358	0.00045068
2221	1	0.05	111	28	0.038044	0.000450253
2223	1	0.05	111	28	0.0375824	0.000449788
2225	1	0.05	111	28	0.0370941	0.000449274
2227	1	0.05	111	28	0.0370712	0.000448979
2229	1	0.05	111	26	0.0400848	0.000448561
2231	1	0.05	111	26	0.0400429	0.000448231
2233	1	0.05	111	26	0.0395813	0.000448019
2235	1	0.05	111	24	0.0429993	0.000447632
2237	1	0.05	111	32	0.0312271	0.000447054
2239	1	0.05	111	32	0.0312042	0.000446744
2241	1	0.05	112	30	0.0351105	0.000446342
2243	1	0.05	112	30	0.0346413	0.000445853
2245	1	0.05	112	30	0.0341721	0.000445359
2247	1	0.05	112	30	0.0341339	0.00044506
2249	1	0.05	112	28	0.0375824	0.000444568
2251	1	0.05	112	28	0.0375462	0.000444257
2253	1	0.05	112	26	0.0400848	0.000443732
2255	1	0.05	112	26	0.040062	0.000443449
2257	1	0.05	112	26	0.0395813	0.000443172
2259	1	0.05	112	26	0.0395813	0.000442973
2261	1	0.05	113	26	0.039093	0.00044241
2263	1	0.05	113	26	0.039093	0.000442214
2265	1	0.05	113	26	0.0386047	0.000441677
2267	1	0.05	113	30	0.0351334	0.000441115
2269	1	0.05	113	32	0.0312271	0.000440768
2271	1	0.05	113	32	0.0312042	0.000440465
2273	1	0.05	113	30	0.0346222	0.000440065
2275	1	0.05	113	30	0.0341606	0.000439544
2277	1	0.05	113	28	0.0375502	0.000439174
2279	1	0.05	113	26	0.040062	0.000438727
2281	1	0.05	114	24	0.0429993	0.000438597
2283	1	0.05	114	26	0.0395813	0.000438204
2285	1	0.05	114	26	0.039093	0.000437653
2287	1	0.05	114	26	0.039093	0.00043746
2289	1	0.05	114	28	0.0361023	0.000436796
2291	1	0.05	114	26	0.0386047	0.000436712
2293	1	0.05	114	28	0.0381165	0.00043615
2295	1	0.05	114	30	0.0351448	0.000435774
2297	1	0.05	114	30	0.0351105	0.000435441
2299	1	0.05	114	30	0.0346603	0.000434949
2301	1	0.05	115	32	0.0312271	0.000434656
2303	1	0.05	115	32	0.0312042	0.00043436
2305	1	0.05	115	24	0.0429993	0.000434139
2307	1	0.05	115	26	0.0395813	0.000433566
2309	1	0.05	115	26	0.0395813	0.000433377
2311	1	0.05	115	26	0.039093	0.000432808
2313	1	0.05	115	26	0.039093	0.00043262
2315	1	0.05	115	28	0.0361023	0.000431769
2317	1	0.05	115	28	0.0361023	0.000431581
2319	1	0.05	115	28	0.0381165	0.000431278
2321	1	0.05	116	28	0.0381165	0.000431064
2323	1	0.05	116	30	0.0351448	0.000430495
2325	1	0.05	116	30	0.0351105	0.000430169
2327	1	0.05	116	30	0.0346603	0.000429653
2329	1	0.05	116	30	0.0346222	0.000429373
2331	1	0.05	116	32	0.0312486	0.000429005
2333	1	0.05	116	32	0.0312271	0.000428723
2335	1	0.05	116	32	0.0312042	0.000428433
2337	1	0.05	116	26	0.039093	0.00042807
2339	1	0.05	116	28	0.0365906	0.000427468
