RUN	1	Landscape:
LSize	MComSize	ImRate
100	2500	0.1
Pos	Env	Plant
0	0.52	1771	2	0	50	1	0.59	0.05	1	
1	0.77	2265	2	0	50	1	0.87	0.05	1	
2	0.7	2265	2	0	50	1	0.87	0.05	1	
3	0.86	2265	2	0	50	1	0.87	0.05	1	
4	0.99	2265	2	0	50	1	0.87	0.05	1	
5	0.95	2265	2	0	50	1	0.87	0.05	1	
6	0.93	2265	2	0	50	1	0.87	0.05	1	
7	0.67	1771	2	0	50	1	0.59	0.05	1	
8	0.81	2265	2	0	50	1	0.87	0.05	1	
9	0.96	2265	2	0	50	1	0.87	0.05	1	
10	0.65	1771	2	0	50	1	0.59	0.05	1	
11	0.72	1771	2	0	50	1	0.59	0.05	1	
12	0.47	1771	2	0	50	1	0.59	0.05	1	
13	0.55	1771	2	0	50	1	0.59	0.05	1	
14	0.79	2265	2	0	50	1	0.87	0.05	1	
15	0.57	1771	2	0	50	1	0.59	0.05	1	
16	0.64	1771	2	0	50	1	0.59	0.05	1	
17	0.89	2265	2	0	50	1	0.87	0.05	1	
18	0.82	2265	2	0	50	1	0.87	0.05	1	
19	0.71	1771	2	0	50	1	0.59	0.05	1	
20	0.61	1771	2	0	50	1	0.59	0.05	1	
21	0.76	2265	2	0	50	1	0.87	0.05	1	
22	0.98	2265	2	0	50	1	0.87	0.05	1	
23	0.97	2265	2	0	50	1	0.87	0.05	1	
24	0.9	2265	2	0	50	1	0.87	0.05	1	
25	0.88	2265	2	0	50	1	0.87	0.05	1	
26	0.83	2265	2	0	50	1	0.87	0.05	1	
27	0.91	2265	2	0	50	1	0.87	0.05	1	
28	0.94	2265	2	0	50	1	0.87	0.05	1	
29	0.92	2265	2	0	50	1	0.87	0.05	1	
30	0.73	2265	2	0	50	1	0.87	0.05	1	
31	0.63	1771	2	0	50	1	0.59	0.05	1	
32	0.59	1771	2	0	50	1	0.59	0.05	1	
33	0.74	2265	2	0	50	1	0.87	0.05	1	
34	0.75	2265	2	0	50	1	0.87	0.05	1	
35	0.58	1771	2	0	50	1	0.59	0.05	1	
36	0.62	1771	2	0	50	1	0.59	0.05	1	
37	0.6	1771	2	0	50	1	0.59	0.05	1	
38	0.84	2265	2	0	50	1	0.87	0.05	1	
39	0.85	2265	2	0	50	1	0.87	0.05	1	
40	0.78	2265	2	0	50	1	0.87	0.05	1	
41	0.87	2265	2	0	50	1	0.87	0.05	1	
42	0.8	2265	2	0	50	1	0.87	0.05	1	
43	0.68	1771	2	0	50	1	0.59	0.05	1	
44	0.66	1771	2	0	50	1	0.59	0.05	1	
45	0.69	1771	2	0	50	1	0.59	0.05	1	
46	0.38	526	2	0	50	1	0.35	0.05	1	
47	0.5	1771	2	0	50	1	0.59	0.05	1	
48	0.43	526	2	0	50	1	0.35	0.05	1	
49	0.31	526	2	0	50	1	0.35	0.05	1	
50	0.3	526	2	0	50	1	0.35	0.05	1	
51	0.28	735	2	0	50	1	0.15	0.05	1	
52	0.48	1771	2	0	50	1	0.59	0.05	1	
53	0.36	1771	2	0	50	1	0.59	0.05	1	
54	0.46	1771	2	0	50	1	0.59	0.05	1	
55	0.02	209	2	0	50	1	0.09	0.05	1	
56	0.27	526	2	0	50	1	0.35	0.05	1	
57	0.41	526	2	0	50	1	0.35	0.05	1	
58	0.51	526	2	0	50	1	0.35	0.05	1	
59	0.24	526	2	0	50	1	0.35	0.05	1	
60	0.44	1771	2	0	50	1	0.59	0.05	1	
61	0.56	1771	2	0	50	1	0.59	0.05	1	
62	0.4	526	2	0	50	1	0.35	0.05	1	
63	0.45	1771	2	0	50	1	0.59	0.05	1	
64	0.54	1771	2	0	50	1	0.59	0.05	1	
65	0.35	526	2	0	50	1	0.35	0.05	1	
66	0.49	526	2	0	50	1	0.35	0.05	1	
67	0.53	1771	2	0	50	1	0.59	0.05	1	
68	0.32	526	2	0	50	1	0.35	0.05	1	
69	0.22	209	2	0	50	1	0.09	0.05	1	
70	0.42	526	2	0	50	1	0.35	0.05	1	
71	0.29	526	2	0	50	1	0.35	0.05	1	
72	0.39	526	2	0	50	1	0.35	0.05	1	
73	0.23	526	2	0	50	1	0.35	0.05	1	
74	0.17	735	2	0	50	1	0.15	0.05	1	
75	0.12	735	2	0	50	1	0.15	0.05	1	
76	0.26	526	2	0	50	1	0.35	0.05	1	
77	0.03	209	2	0	50	1	0.09	0.05	1	
78	0.08	209	2	0	50	1	0.09	0.05	1	
79	0.2	735	2	0	50	1	0.15	0.05	1	
80	0.21	526	2	0	50	1	0.35	0.05	1	
81	0.34	526	2	0	50	1	0.35	0.05	1	
82	0.13	735	2	0	50	1	0.15	0.05	1	
83	0.15	735	2	0	50	1	0.15	0.05	1	
84	0.18	735	2	0	50	1	0.15	0.05	1	
85	0.05	209	2	0	50	1	0.09	0.05	1	
86	0.37	526	2	0	50	1	0.35	0.05	1	
87	0.01	735	2	0	50	1	0.15	0.05	1	
88	0.16	735	2	0	50	1	0.15	0.05	1	
89	0.09	209	2	0	50	1	0.09	0.05	1	
90	0.19	209	2	0	50	1	0.09	0.05	1	
91	0.07	209	2	0	50	1	0.09	0.05	1	
92	0	209	2	0	50	1	0.09	0.05	1	
93	0.06	209	2	0	50	1	0.09	0.05	1	
94	0.25	735	2	0	50	1	0.15	0.05	1	
95	0.14	735	2	0	50	1	0.15	0.05	1	
96	0.33	526	2	0	50	1	0.35	0.05	1	
97	0.1	209	2	0	50	1	0.09	0.05	1	
98	0.04	209	2	0	50	1	0.09	0.05	1	
99	0.11	735	2	0	50	1	0.15	0.05	1	

RUN	2	Landscape:
LSize	MComSize	ImRate
100	2500	0.1
Pos	Env	Plant
0	0.64	1457	2	0	50	1	0.66	0.05	1	
1	0.69	1457	2	0	50	1	0.66	0.05	1	
2	0.83	1457	2	0	50	1	0.66	0.05	1	
3	0.75	1457	2	0	50	1	0.66	0.05	1	
4	0.65	1147	2	0	50	1	0.48	0.05	1	
5	0.72	1361	2	0	50	1	0.85	0.05	1	
6	0.73	1361	2	0	50	1	0.85	0.05	1	
7	0.56	1147	2	0	50	1	0.48	0.05	1	
8	0.74	1457	2	0	50	1	0.66	0.05	1	
9	0.3	202	2	0	50	1	0.18	0.05	1	
10	0.28	202	2	0	50	1	0.18	0.05	1	
11	0.29	1147	2	0	50	1	0.48	0.05	1	
12	0.27	202	2	0	50	1	0.18	0.05	1	
13	0.4	1147	2	0	50	1	0.48	0.05	1	
14	0.15	202	2	0	50	1	0.18	0.05	1	
15	0.33	202	2	0	50	1	0.18	0.05	1	
16	0.38	1147	2	0	50	1	0.48	0.05	1	
17	0.36	1147	2	0	50	1	0.48	0.05	1	
18	0.25	202	2	0	50	1	0.18	0.05	1	
19	0.31	202	2	0	50	1	0.18	0.05	1	
20	0.51	1457	2	0	50	1	0.66	0.05	1	
21	0.77	1457	2	0	50	1	0.66	0.05	1	
22	0.47	1147	2	0	50	1	0.48	0.05	1	
23	0.55	1147	2	0	50	1	0.48	0.05	1	
24	0.5	1147	2	0	50	1	0.48	0.05	1	
25	0.53	1147	2	0	50	1	0.48	0.05	1	
26	0.2	202	2	0	50	1	0.18	0.05	1	
27	0.32	1147	2	0	50	1	0.48	0.05	1	
28	0.08	879	2	0	50	1	0.05	0.05	1	
29	0.11	202	2	0	50	1	0.18	0.05	1	
30	0.12	202	2	0	50	1	0.18	0.05	1	
31	0.57	1147	2	0	50	1	0.48	0.05	1	
32	0.76	1361	2	0	50	1	0.85	0.05	1	
33	0.68	1457	2	0	50	1	0.66	0.05	1	
34	0.66	1457	2	0	50	1	0.66	0.05	1	
35	0.18	202	2	0	50	1	0.18	0.05	1	
36	0.06	879	2	0	50	1	0.05	0.05	1	
37	0.05	202	2	0	50	1	0.18	0.05	1	
38	0.03	879	2	0	50	1	0.05	0.05	1	
39	0.02	879	2	0	50	1	0.05	0.05	1	
40	0.26	202	2	0	50	1	0.18	0.05	1	
41	0.71	1361	2	0	50	1	0.85	0.05	1	
42	0.78	1361	2	0	50	1	0.85	0.05	1	
43	0.81	1361	2	0	50	1	0.85	0.05	1	
44	0.42	1147	2	0	50	1	0.48	0.05	1	
45	0.52	1147	2	0	50	1	0.48	0.05	1	
46	0.41	1147	2	0	50	1	0.48	0.05	1	
47	0.61	1147	2	0	50	1	0.48	0.05	1	
48	0.49	1147	2	0	50	1	0.48	0.05	1	
49	0.59	1457	2	0	50	1	0.66	0.05	1	
50	0.45	1147	2	0	50	1	0.48	0.05	1	
51	0.54	1147	2	0	50	1	0.48	0.05	1	
52	0.23	202	2	0	50	1	0.18	0.05	1	
53	0.1	879	2	0	50	1	0.05	0.05	1	
54	0.16	202	2	0	50	1	0.18	0.05	1	
55	0.01	879	2	0	50	1	0.05	0.05	1	
56	0	879	2	0	50	1	0.05	0.05	1	
57	0.21	202	2	0	50	1	0.18	0.05	1	
58	0.39	1147	2	0	50	1	0.48	0.05	1	
59	0.19	202	2	0	50	1	0.18	0.05	1	
60	0.43	1147	2	0	50	1	0.48	0.05	1	
61	0.24	202	2	0	50	1	0.18	0.05	1	
62	0.22	202	2	0	50	1	0.18	0.05	1	
63	0.13	202	2	0	50	1	0.18	0.05	1	
64	0.04	879	2	0	50	1	0.05	0.05	1	
65	0.37	1147	2	0	50	1	0.48	0.05	1	
66	0.17	202	2	0	50	1	0.18	0.05	1	
67	0.07	202	2	0	50	1	0.18	0.05	1	
68	0.14	202	2	0	50	1	0.18	0.05	1	
69	0.09	202	2	0	50	1	0.18	0.05	1	
70	0.44	1147	2	0	50	1	0.48	0.05	1	
71	0.6	1147	2	0	50	1	0.48	0.05	1	
72	0.48	1147	2	0	50	1	0.48	0.05	1	
73	0.88	1361	2	0	50	1	0.85	0.05	1	
74	0.82	1361	2	0	50	1	0.85	0.05	1	
75	0.79	1361	2	0	50	1	0.85	0.05	1	
76	0.92	1361	2	0	50	1	0.85	0.05	1	
77	0.9	1361	2	0	50	1	0.85	0.05	1	
78	0.93	1361	2	0	50	1	0.85	0.05	1	
79	0.89	1361	2	0	50	1	0.85	0.05	1	
80	0.7	1457	2	0	50	1	0.66	0.05	1	
81	0.85	1361	2	0	50	1	0.85	0.05	1	
82	0.94	1361	2	0	50	1	0.85	0.05	1	
83	0.8	1361	2	0	50	1	0.85	0.05	1	
84	0.86	1361	2	0	50	1	0.85	0.05	1	
85	0.62	1457	2	0	50	1	0.66	0.05	1	
86	0.46	1147	2	0	50	1	0.48	0.05	1	
87	0.34	1147	2	0	50	1	0.48	0.05	1	
88	0.35	1147	2	0	50	1	0.48	0.05	1	
89	0.63	1457	2	0	50	1	0.66	0.05	1	
90	0.58	1457	2	0	50	1	0.66	0.05	1	
91	0.67	1457	2	0	50	1	0.66	0.05	1	
92	0.84	1361	2	0	50	1	0.85	0.05	1	
93	0.87	1361	2	0	50	1	0.85	0.05	1	
94	0.98	1361	2	0	50	1	0.85	0.05	1	
95	0.96	1361	2	0	50	1	0.85	0.05	1	
96	0.99	1361	2	0	50	1	0.85	0.05	1	
97	0.91	1361	2	0	50	1	0.85	0.05	1	
98	0.95	1361	2	0	50	1	0.85	0.05	1	
99	0.97	1361	2	0	50	1	0.85	0.05	1	

RUN	3	Landscape:
LSize	MComSize	ImRate
100	2500	0.1
Pos	Env	Plant
0	0.77	2104	2	0	50	1	0.84	0.05	1	
1	0.85	2104	2	0	50	1	0.84	0.05	1	
2	0.88	2104	2	0	50	1	0.84	0.05	1	
3	0.38	8	2	0	50	1	0.36	0.05	1	
4	0.51	1517	2	0	50	1	0.56	0.05	1	
5	0.63	1517	2	0	50	1	0.56	0.05	1	
6	0.37	8	2	0	50	1	0.36	0.05	1	
7	0.54	1517	2	0	50	1	0.56	0.05	1	
8	0.43	1517	2	0	50	1	0.56	0.05	1	
9	0.79	2104	2	0	50	1	0.84	0.05	1	
10	0.73	2104	2	0	50	1	0.84	0.05	1	
11	0.71	2104	2	0	50	1	0.84	0.05	1	
12	0.61	1517	2	0	50	1	0.56	0.05	1	
13	0.49	1517	2	0	50	1	0.56	0.05	1	
14	0.12	186	2	0	50	1	0.13	0.05	1	
15	0.27	186	2	0	50	1	0.13	0.05	1	
16	0.41	8	2	0	50	1	0.36	0.05	1	
17	0.32	8	2	0	50	1	0.36	0.05	1	
18	0.56	1517	2	0	50	1	0.56	0.05	1	
19	0.26	8	2	0	50	1	0.36	0.05	1	
20	0.39	8	2	0	50	1	0.36	0.05	1	
21	0.4	8	2	0	50	1	0.36	0.05	1	
22	0.42	8	2	0	50	1	0.36	0.05	1	
23	0.35	8	2	0	50	1	0.36	0.05	1	
24	0.57	1517	2	0	50	1	0.56	0.05	1	
25	0.28	8	2	0	50	1	0.36	0.05	1	
26	0.48	1517	2	0	50	1	0.56	0.05	1	
27	0.33	8	2	0	50	1	0.36	0.05	1	
28	0.5	1517	2	0	50	1	0.56	0.05	1	
29	0.59	1517	2	0	50	1	0.56	0.05	1	
30	0.6	1517	2	0	50	1	0.56	0.05	1	
31	0.45	8	2	0	50	1	0.36	0.05	1	
32	0.36	8	2	0	50	1	0.36	0.05	1	
33	0.68	2104	2	0	50	1	0.84	0.05	1	
34	0.75	2104	2	0	50	1	0.84	0.05	1	
35	0.46	1517	2	0	50	1	0.56	0.05	1	
36	0.58	1517	2	0	50	1	0.56	0.05	1	
37	0.52	1517	2	0	50	1	0.56	0.05	1	
38	0.24	186	2	0	50	1	0.13	0.05	1	
39	0.44	8	2	0	50	1	0.36	0.05	1	
40	0.22	186	2	0	50	1	0.13	0.05	1	
41	0.53	1517	2	0	50	1	0.56	0.05	1	
42	0.3	8	2	0	50	1	0.36	0.05	1	
43	0.08	186	2	0	50	1	0.13	0.05	1	
44	0.04	186	2	0	50	1	0.13	0.05	1	
45	0.03	186	2	0	50	1	0.13	0.05	1	
46	0.01	186	2	0	50	1	0.13	0.05	1	
47	0.23	186	2	0	50	1	0.13	0.05	1	
48	0.15	186	2	0	50	1	0.13	0.05	1	
49	0.07	186	2	0	50	1	0.13	0.05	1	
50	0.11	186	2	0	50	1	0.13	0.05	1	
51	0.14	186	2	0	50	1	0.13	0.05	1	
52	0.1	186	2	0	50	1	0.13	0.05	1	
53	0.19	186	2	0	50	1	0.13	0.05	1	
54	0.16	186	2	0	50	1	0.13	0.05	1	
55	0.34	8	2	0	50	1	0.36	0.05	1	
56	0.06	186	2	0	50	1	0.13	0.05	1	
57	0.05	186	2	0	50	1	0.13	0.05	1	
58	0.18	186	2	0	50	1	0.13	0.05	1	
59	0.13	186	2	0	50	1	0.13	0.05	1	
60	0.2	186	2	0	50	1	0.13	0.05	1	
61	0	186	2	0	50	1	0.13	0.05	1	
62	0.02	186	2	0	50	1	0.13	0.05	1	
63	0.09	186	2	0	50	1	0.13	0.05	1	
64	0.17	186	2	0	50	1	0.13	0.05	1	
65	0.25	8	2	0	50	1	0.36	0.05	1	
66	0.31	8	2	0	50	1	0.36	0.05	1	
67	0.29	186	2	0	50	1	0.13	0.05	1	
68	0.64	1517	2	0	50	1	0.56	0.05	1	
69	0.67	2104	2	0	50	1	0.84	0.05	1	
70	0.55	1517	2	0	50	1	0.56	0.05	1	
71	0.47	1517	2	0	50	1	0.56	0.05	1	
72	0.21	186	2	0	50	1	0.13	0.05	1	
73	0.72	2104	2	0	50	1	0.84	0.05	1	
74	0.62	1517	2	0	50	1	0.56	0.05	1	
75	0.76	2104	2	0	50	1	0.84	0.05	1	
76	0.87	2104	2	0	50	1	0.84	0.05	1	
77	0.86	2104	2	0	50	1	0.84	0.05	1	
78	0.81	2104	2	0	50	1	0.84	0.05	1	
79	0.69	2104	2	0	50	1	0.84	0.05	1	
80	0.97	2080	2	0	50	1	0.83	0.05	1	
81	0.93	2104	2	0	50	1	0.84	0.05	1	
82	0.98	2104	2	0	50	1	0.84	0.05	1	
83	0.94	2104	2	0	50	1	0.84	0.05	1	
84	0.84	2104	2	0	50	1	0.84	0.05	1	
85	0.8	2104	2	0	50	1	0.84	0.05	1	
86	0.9	2104	2	0	50	1	0.84	0.05	1	
87	0.74	2104	2	0	50	1	0.84	0.05	1	
88	0.99	2104	2	0	50	1	0.84	0.05	1	
89	0.95	2104	2	0	50	1	0.84	0.05	1	
90	0.78	2104	2	0	50	1	0.84	0.05	1	
91	0.96	2104	2	0	50	1	0.84	0.05	1	
92	0.92	2104	2	0	50	1	0.84	0.05	1	
93	0.82	2104	2	0	50	1	0.84	0.05	1	
94	0.91	2104	2	0	50	1	0.84	0.05	1	
95	0.83	2104	2	0	50	1	0.84	0.05	1	
96	0.7	2104	2	0	50	1	0.84	0.05	1	
97	0.65	1517	2	0	50	1	0.56	0.05	1	
98	0.66	1517	2	0	50	1	0.56	0.05	1	
99	0.89	2104	2	0	50	1	0.84	0.05	1	

RUN	4	Landscape:
LSize	MComSize	ImRate
100	2500	0.1
Pos	Env	Plant
0	0.07	1698	2	0	50	1	0.09	0.05	1	
1	0.06	1698	2	0	50	1	0.09	0.05	1	
2	0.08	1698	2	0	50	1	0.09	0.05	1	
3	0.02	1698	2	0	50	1	0.09	0.05	1	
4	0.04	1698	2	0	50	1	0.09	0.05	1	
5	0.01	1698	2	0	50	1	0.09	0.05	1	
6	0	1698	2	0	50	1	0.09	0.05	1	
7	0.05	1698	2	0	50	1	0.09	0.05	1	
8	0.03	1698	2	0	50	1	0.09	0.05	1	
9	0.09	1698	2	0	50	1	0.09	0.05	1	
10	0.13	1698	2	0	50	1	0.09	0.05	1	
11	0.17	1698	2	0	50	1	0.09	0.05	1	
12	0.18	1698	2	0	50	1	0.09	0.05	1	
13	0.14	1698	2	0	50	1	0.09	0.05	1	
14	0.11	1698	2	0	50	1	0.09	0.05	1	
15	0.12	1698	2	0	50	1	0.09	0.05	1	
16	0.34	2349	2	0	50	1	0.33	0.05	1	
17	0.5	2449	2	0	50	1	0.57	0.05	1	
18	0.82	748	2	0	50	1	0.88	0.05	1	
19	0.79	748	2	0	50	1	0.88	0.05	1	
20	0.73	2449	2	0	50	1	0.57	0.05	1	
21	0.96	748	2	0	50	1	0.88	0.05	1	
22	0.8	748	2	0	50	1	0.88	0.05	1	
23	0.71	62	2	0	50	1	0.56	0.05	1	
24	0.49	2449	2	0	50	1	0.57	0.05	1	
25	0.3	2349	2	0	50	1	0.33	0.05	1	
26	0.42	2449	2	0	50	1	0.57	0.05	1	
27	0.61	2449	2	0	50	1	0.57	0.05	1	
28	0.54	2449	2	0	50	1	0.57	0.05	1	
29	0.63	2449	2	0	50	1	0.57	0.05	1	
30	0.88	748	2	0	50	1	0.88	0.05	1	
31	0.83	748	2	0	50	1	0.88	0.05	1	
32	0.76	575	2	0	50	1	0.75	0.05	1	
33	0.85	385	2	0	50	1	0.83	0.05	1	
34	0.72	575	2	0	50	1	0.75	0.05	1	
35	0.55	2449	2	0	50	1	0.57	0.05	1	
36	0.52	2449	2	0	50	1	0.57	0.05	1	
37	0.44	2449	2	0	50	1	0.57	0.05	1	
38	0.64	2449	2	0	50	1	0.57	0.05	1	
39	0.86	748	2	0	50	1	0.88	0.05	1	
40	0.95	748	2	0	50	1	0.88	0.05	1	
41	0.98	748	2	0	50	1	0.88	0.05	1	
42	0.93	748	2	0	50	1	0.88	0.05	1	
43	0.97	748	2	0	50	1	0.88	0.05	1	
44	0.99	748	2	0	50	1	0.88	0.05	1	
45	0.91	748	2	0	50	1	0.88	0.05	1	
46	0.92	748	2	0	50	1	0.88	0.05	1	
47	0.89	748	2	0	50	1	0.88	0.05	1	
48	0.94	748	2	0	50	1	0.88	0.05	1	
49	0.87	748	2	0	50	1	0.88	0.05	1	
50	0.74	748	2	0	50	1	0.88	0.05	1	
51	0.4	2349	2	0	50	1	0.33	0.05	1	
52	0.38	2349	2	0	50	1	0.33	0.05	1	
53	0.56	2449	2	0	50	1	0.57	0.05	1	
54	0.69	2449	2	0	50	1	0.57	0.05	1	
55	0.51	2449	2	0	50	1	0.57	0.05	1	
56	0.48	62	2	0	50	1	0.56	0.05	1	
57	0.67	2449	2	0	50	1	0.57	0.05	1	
58	0.25	2349	2	0	50	1	0.33	0.05	1	
59	0.23	2349	2	0	50	1	0.33	0.05	1	
60	0.35	2349	2	0	50	1	0.33	0.05	1	
61	0.41	2349	2	0	50	1	0.33	0.05	1	
62	0.58	2449	2	0	50	1	0.57	0.05	1	
63	0.62	62	2	0	50	1	0.56	0.05	1	
64	0.33	2349	2	0	50	1	0.33	0.05	1	
65	0.59	2449	2	0	50	1	0.57	0.05	1	
66	0.27	2349	2	0	50	1	0.33	0.05	1	
67	0.36	2349	2	0	50	1	0.33	0.05	1	
68	0.43	2449	2	0	50	1	0.57	0.05	1	
69	0.37	2349	2	0	50	1	0.33	0.05	1	
70	0.19	1698	2	0	50	1	0.09	0.05	1	
71	0.29	2349	2	0	50	1	0.33	0.05	1	
72	0.66	2449	2	0	50	1	0.57	0.05	1	
73	0.81	748	2	0	50	1	0.88	0.05	1	
74	0.53	2449	2	0	50	1	0.57	0.05	1	
75	0.75	748	2	0	50	1	0.88	0.05	1	
76	0.77	575	2	0	50	1	0.75	0.05	1	
77	0.45	2349	2	0	50	1	0.33	0.05	1	
78	0.32	2349	2	0	50	1	0.33	0.05	1	
79	0.28	2349	2	0	50	1	0.33	0.05	1	
80	0.21	2349	2	0	50	1	0.33	0.05	1	
81	0.1	1698	2	0	50	1	0.09	0.05	1	
82	0.16	1698	2	0	50	1	0.09	0.05	1	
83	0.47	2449	2	0	50	1	0.57	0.05	1	
84	0.6	2449	2	0	50	1	0.57	0.05	1	
85	0.68	2449	2	0	50	1	0.57	0.05	1	
86	0.78	575	2	0	50	1	0.75	0.05	1	
87	0.7	2449	2	0	50	1	0.57	0.05	1	
88	0.26	2349	2	0	50	1	0.33	0.05	1	
89	0.24	2349	2	0	50	1	0.33	0.05	1	
90	0.15	1698	2	0	50	1	0.09	0.05	1	
91	0.46	2449	2	0	50	1	0.57	0.05	1	
92	0.31	2349	2	0	50	1	0.33	0.05	1	
93	0.2	1698	2	0	50	1	0.09	0.05	1	
94	0.22	2349	2	0	50	1	0.33	0.05	1	
95	0.84	748	2	0	50	1	0.88	0.05	1	
96	0.9	748	2	0	50	1	0.88	0.05	1	
97	0.39	2349	2	0	50	1	0.33	0.05	1	
98	0.57	2449	2	0	50	1	0.57	0.05	1	
99	0.65	2449	2	0	50	1	0.57	0.05	1	

RUN	5	Landscape:
LSize	MComSize	ImRate
100	2500	0.1
Pos	Env	Plant
0	0.22	1593	2	0	50	1	0.11	0.05	1	
1	0.18	1593	2	0	50	1	0.11	0.05	1	
2	0.36	911	2	0	50	1	0.36	0.05	1	
3	0.12	1593	2	0	50	1	0.11	0.05	1	
4	0.15	1593	2	0	50	1	0.11	0.05	1	
5	0.11	1593	2	0	50	1	0.11	0.05	1	
6	0.16	1593	2	0	50	1	0.11	0.05	1	
7	0.31	911	2	0	50	1	0.36	0.05	1	
8	0.13	1593	2	0	50	1	0.11	0.05	1	
9	0	1593	2	0	50	1	0.11	0.05	1	
10	0.01	1593	2	0	50	1	0.11	0.05	1	
11	0.08	1539	2	0	50	1	0.08	0.05	1	
12	0.19	1593	2	0	50	1	0.11	0.05	1	
13	0.27	1593	2	0	50	1	0.11	0.05	1	
14	0.28	911	2	0	50	1	0.36	0.05	1	
15	0.1	1593	2	0	50	1	0.11	0.05	1	
16	0.04	1593	2	0	50	1	0.11	0.05	1	
17	0.05	1593	2	0	50	1	0.11	0.05	1	
18	0.07	1593	2	0	50	1	0.11	0.05	1	
19	0.09	1593	2	0	50	1	0.11	0.05	1	
20	0.02	1593	2	0	50	1	0.11	0.05	1	
21	0.03	1593	2	0	50	1	0.11	0.05	1	
22	0.17	1593	2	0	50	1	0.11	0.05	1	
23	0.14	1593	2	0	50	1	0.11	0.05	1	
24	0.06	1593	2	0	50	1	0.11	0.05	1	
25	0.21	1593	2	0	50	1	0.11	0.05	1	
26	0.38	911	2	0	50	1	0.36	0.05	1	
27	0.29	911	2	0	50	1	0.36	0.05	1	
28	0.46	1337	2	0	50	1	0.51	0.05	1	
29	0.44	911	2	0	50	1	0.36	0.05	1	
30	0.53	911	2	0	50	1	0.36	0.05	1	
31	0.45	911	2	0	50	1	0.36	0.05	1	
32	0.33	911	2	0	50	1	0.36	0.05	1	
33	0.3	911	2	0	50	1	0.36	0.05	1	
34	0.2	1593	2	0	50	1	0.11	0.05	1	
35	0.52	1337	2	0	50	1	0.51	0.05	1	
36	0.37	911	2	0	50	1	0.36	0.05	1	
37	0.4	911	2	0	50	1	0.36	0.05	1	
38	0.43	911	2	0	50	1	0.36	0.05	1	
39	0.39	911	2	0	50	1	0.36	0.05	1	
40	0.35	911	2	0	50	1	0.36	0.05	1	
41	0.23	1593	2	0	50	1	0.11	0.05	1	
42	0.25	911	2	0	50	1	0.36	0.05	1	
43	0.32	911	2	0	50	1	0.36	0.05	1	
44	0.24	911	2	0	50	1	0.36	0.05	1	
45	0.26	911	2	0	50	1	0.36	0.05	1	
46	0.49	1337	2	0	50	1	0.51	0.05	1	
47	0.42	1337	2	0	50	1	0.51	0.05	1	
48	0.34	911	2	0	50	1	0.36	0.05	1	
49	0.41	911	2	0	50	1	0.36	0.05	1	
50	0.55	1949	2	0	50	1	0.66	0.05	1	
51	0.57	1949	2	0	50	1	0.66	0.05	1	
52	0.62	1337	2	0	50	1	0.51	0.05	1	
53	0.48	1337	2	0	50	1	0.51	0.05	1	
54	0.61	1949	2	0	50	1	0.66	0.05	1	
55	0.63	1949	2	0	50	1	0.66	0.05	1	
56	0.47	911	2	0	50	1	0.36	0.05	1	
57	0.54	1337	2	0	50	1	0.51	0.05	1	
58	0.58	1949	2	0	50	1	0.66	0.05	1	
59	0.59	78	2	0	50	1	0.73	0.05	1	
60	0.6	1949	2	0	50	1	0.66	0.05	1	
61	0.51	1337	2	0	50	1	0.51	0.05	1	
62	0.56	1337	2	0	50	1	0.51	0.05	1	
63	0.5	911	2	0	50	1	0.36	0.05	1	
64	0.64	1949	2	0	50	1	0.66	0.05	1	
65	0.67	78	2	0	50	1	0.73	0.05	1	
66	0.71	78	2	0	50	1	0.73	0.05	1	
67	0.74	78	2	0	50	1	0.73	0.05	1	
68	0.76	1949	2	0	50	1	0.66	0.05	1	
69	0.86	595	2	0	50	1	0.92	0.05	1	
70	0.83	595	2	0	50	1	0.92	0.05	1	
71	0.92	595	2	0	50	1	0.92	0.05	1	
72	0.89	595	2	0	50	1	0.92	0.05	1	
73	0.93	595	2	0	50	1	0.92	0.05	1	
74	0.87	595	2	0	50	1	0.92	0.05	1	
75	0.69	78	2	0	50	1	0.73	0.05	1	
76	0.68	78	2	0	50	1	0.73	0.05	1	
77	0.65	1337	2	0	50	1	0.51	0.05	1	
78	0.79	78	2	0	50	1	0.73	0.05	1	
79	0.84	1949	2	0	50	1	0.66	0.05	1	
80	0.7	78	2	0	50	1	0.73	0.05	1	
81	0.75	78	2	0	50	1	0.73	0.05	1	
82	0.66	78	2	0	50	1	0.73	0.05	1	
83	0.73	78	2	0	50	1	0.73	0.05	1	
84	0.96	595	2	0	50	1	0.92	0.05	1	
85	0.88	595	2	0	50	1	0.92	0.05	1	
86	0.85	78	2	0	50	1	0.73	0.05	1	
87	0.78	78	2	0	50	1	0.73	0.05	1	
88	0.82	78	2	0	50	1	0.73	0.05	1	
89	0.8	78	2	0	50	1	0.73	0.05	1	
90	0.98	595	2	0	50	1	0.92	0.05	1	
91	0.81	595	2	0	50	1	0.92	0.05	1	
92	0.97	595	2	0	50	1	0.92	0.05	1	
93	0.77	595	2	0	50	1	0.92	0.05	1	
94	0.95	595	2	0	50	1	0.92	0.05	1	
95	0.99	595	2	0	50	1	0.92	0.05	1	
96	0.94	595	2	0	50	1	0.92	0.05	1	
97	0.91	595	2	0	50	1	0.92	0.05	1	
98	0.72	78	2	0	50	1	0.73	0.05	1	
99	0.9	595	2	0	50	1	0.92	0.05	1	

RUN	6	Landscape:
LSize	MComSize	ImRate
100	2500	0.1
Pos	Env	Plant
0	0.16	2455	2	0	50	1	0.12	0.05	1	
1	0.2	2455	2	0	50	1	0.12	0.05	1	
2	0.52	917	2	0	50	1	0.5	0.05	1	
3	0.59	917	2	0	50	1	0.5	0.05	1	
4	0.72	332	2	0	50	1	0.71	0.05	1	
5	0.56	917	2	0	50	1	0.5	0.05	1	
6	0.71	332	2	0	50	1	0.71	0.05	1	
7	0.26	672	2	0	50	1	0.33	0.05	1	
8	0.12	2455	2	0	50	1	0.12	0.05	1	
9	0.07	2455	2	0	50	1	0.12	0.05	1	
10	0.18	2244	2	0	50	1	0.19	0.05	1	
11	0.1	2455	2	0	50	1	0.12	0.05	1	
12	0.29	672	2	0	50	1	0.33	0.05	1	
13	0.09	2455	2	0	50	1	0.12	0.05	1	
14	0.08	2455	2	0	50	1	0.12	0.05	1	
15	0.19	2455	2	0	50	1	0.12	0.05	1	
16	0.06	2455	2	0	50	1	0.12	0.05	1	
17	0.11	2455	2	0	50	1	0.12	0.05	1	
18	0.24	672	2	0	50	1	0.33	0.05	1	
19	0.21	2455	2	0	50	1	0.12	0.05	1	
20	0.17	2455	2	0	50	1	0.12	0.05	1	
21	0.36	672	2	0	50	1	0.33	0.05	1	
22	0.25	2455	2	0	50	1	0.12	0.05	1	
23	0.13	2455	2	0	50	1	0.12	0.05	1	
24	0.04	2455	2	0	50	1	0.12	0.05	1	
25	0.05	2455	2	0	50	1	0.12	0.05	1	
26	0.03	2455	2	0	50	1	0.12	0.05	1	
27	0.27	672	2	0	50	1	0.33	0.05	1	
28	0.38	917	2	0	50	1	0.5	0.05	1	
29	0.23	2455	2	0	50	1	0.12	0.05	1	
30	0.01	2244	2	0	50	1	0.19	0.05	1	
31	0.14	2244	2	0	50	1	0.19	0.05	1	
32	0.22	2455	2	0	50	1	0.12	0.05	1	
33	0.48	917	2	0	50	1	0.5	0.05	1	
34	0.31	672	2	0	50	1	0.33	0.05	1	
35	0.02	2455	2	0	50	1	0.12	0.05	1	
36	0	2244	2	0	50	1	0.19	0.05	1	
37	0.15	2455	2	0	50	1	0.12	0.05	1	
38	0.42	917	2	0	50	1	0.5	0.05	1	
39	0.33	672	2	0	50	1	0.33	0.05	1	
40	0.32	2455	2	0	50	1	0.12	0.05	1	
41	0.49	917	2	0	50	1	0.5	0.05	1	
42	0.46	917	2	0	50	1	0.5	0.05	1	
43	0.53	672	2	0	50	1	0.33	0.05	1	
44	0.45	672	2	0	50	1	0.33	0.05	1	
45	0.3	672	2	0	50	1	0.33	0.05	1	
46	0.4	672	2	0	50	1	0.33	0.05	1	
47	0.51	917	2	0	50	1	0.5	0.05	1	
48	0.34	672	2	0	50	1	0.33	0.05	1	
49	0.73	332	2	0	50	1	0.71	0.05	1	
50	0.78	332	2	0	50	1	0.71	0.05	1	
51	0.76	332	2	0	50	1	0.71	0.05	1	
52	0.86	1522	2	0	50	1	0.92	0.05	1	
53	0.79	332	2	0	50	1	0.71	0.05	1	
54	0.8	332	2	0	50	1	0.71	0.05	1	
55	0.63	332	2	0	50	1	0.71	0.05	1	
56	0.6	332	2	0	50	1	0.71	0.05	1	
57	0.74	332	2	0	50	1	0.71	0.05	1	
58	0.77	332	2	0	50	1	0.71	0.05	1	
59	0.81	332	2	0	50	1	0.71	0.05	1	
60	0.57	917	2	0	50	1	0.5	0.05	1	
61	0.39	672	2	0	50	1	0.33	0.05	1	
62	0.37	672	2	0	50	1	0.33	0.05	1	
63	0.41	672	2	0	50	1	0.33	0.05	1	
64	0.55	917	2	0	50	1	0.5	0.05	1	
65	0.44	672	2	0	50	1	0.33	0.05	1	
66	0.68	332	2	0	50	1	0.71	0.05	1	
67	0.64	332	2	0	50	1	0.71	0.05	1	
68	0.66	332	2	0	50	1	0.71	0.05	1	
69	0.54	917	2	0	50	1	0.5	0.05	1	
70	0.65	332	2	0	50	1	0.71	0.05	1	
71	0.67	332	2	0	50	1	0.71	0.05	1	
72	0.43	917	2	0	50	1	0.5	0.05	1	
73	0.5	917	2	0	50	1	0.5	0.05	1	
74	0.35	917	2	0	50	1	0.5	0.05	1	
75	0.28	672	2	0	50	1	0.33	0.05	1	
76	0.62	332	2	0	50	1	0.71	0.05	1	
77	0.58	917	2	0	50	1	0.5	0.05	1	
78	0.47	917	2	0	50	1	0.5	0.05	1	
79	0.7	332	2	0	50	1	0.71	0.05	1	
80	0.83	1522	2	0	50	1	0.92	0.05	1	
81	0.75	332	2	0	50	1	0.71	0.05	1	
82	0.61	332	2	0	50	1	0.71	0.05	1	
83	0.69	332	2	0	50	1	0.71	0.05	1	
84	0.84	1522	2	0	50	1	0.92	0.05	1	
85	0.85	1522	2	0	50	1	0.92	0.05	1	
86	0.82	332	2	0	50	1	0.71	0.05	1	
87	0.93	1522	2	0	50	1	0.92	0.05	1	
88	0.98	1522	2	0	50	1	0.92	0.05	1	
89	0.91	1522	2	0	50	1	0.92	0.05	1	
90	0.9	1522	2	0	50	1	0.92	0.05	1	
91	0.87	1522	2	0	50	1	0.92	0.05	1	
92	0.89	1522	2	0	50	1	0.92	0.05	1	
93	0.94	1522	2	0	50	1	0.92	0.05	1	
94	0.97	1522	2	0	50	1	0.92	0.05	1	
95	0.95	1522	2	0	50	1	0.92	0.05	1	
96	0.99	1522	2	0	50	1	0.92	0.05	1	
97	0.96	1522	2	0	50	1	0.92	0.05	1	
98	0.92	1522	2	0	50	1	0.92	0.05	1	
99	0.88	1522	2	0	50	1	0.92	0.05	1	

