2341 1.000000 0.050000 117
2343 1.000000 0.050000 117
2345 1.000000 0.050000 117
2347 1.000000 0.050000 117
2349 1.000000 0.050000 117
2351 1.000000 0.050000 117
2353 1.000000 0.050000 117
2355 1.000000 0.050000 117
2357 1.000000 0.050000 117
2359 1.000000 0.050000 117
2361 1.000000 0.050000 118
2363 1.000000 0.050000 118
2365 1.000000 0.050000 118
2367 1.000000 0.050000 118
2369 1.000000 0.050000 118
2371 1.000000 0.050000 118
2373 1.000000 0.050000 118
2375 1.000000 0.050000 118
2377 1.000000 0.050000 118
2379 1.000000 0.050000 118
2381 1.000000 0.050000 119
2383 1.000000 0.050000 119
2385 1.000000 0.050000 119
2387 1.000000 0.050000 119
2389 1.000000 0.050000 119
2391 1.000000 0.050000 119
2393 1.000000 0.050000 119
2395 1.000000 0.050000 119
2397 1.000000 0.050000 119
2399 1.000000 0.050000 119
2401 1.000000 0.050000 120
2403 1.000000 0.050000 120
2405 1.000000 0.050000 120
2407 1.000000 0.050000 120
2409 1.000000 0.050000 120
2411 1.000000 0.050000 120
2413 1.000000 0.050000 120
2415 1.000000 0.050000 120
2417 1.000000 0.050000 120
2419 1.000000 0.050000 120
2421 1.000000 0.050000 121
2423 1.000000 0.050000 121
2425 1.000000 0.050000 121
2427 1.000000 0.050000 121
2429 1.000000 0.050000 121
2431 1.000000 0.050000 121
2433 1.000000 0.050000 121
2435 1.000000 0.050000 121
2437 1.000000 0.050000 121
2439 1.000000 0.050000 121
2441 1.000000 0.050000 122
2443 1.000000 0.050000 122
2445 1.000000 0.050000 122
2447 1.000000 0.050000 122
2449 1.000000 0.050000 122
2451 1.000000 0.050000 122
2453 1.000000 0.050000 122
2455 1.000000 0.050000 122
2457 1.000000 0.050000 122
2459 1.000000 0.050000 122
2461 1.000000 0.050000 123
2463 1.000000 0.050000 123
2465 1.000000 0.050000 123
2467 1.000000 0.050000 123
2469 1.000000 0.050000 123
2471 1.000000 0.050000 123
2473 1.000000 0.050000 123
2475 1.000000 0.050000 123
2477 1.000000 0.050000 123
2479 1.000000 0.050000 123
2481 1.000000 0.050000 124
2483 1.000000 0.050000 124
2485 1.000000 0.050000 124
2487 1.000000 0.050000 124
2489 1.000000 0.050000 124
2491 1.000000 0.050000 124
2493 1.000000 0.050000 124
2495 1.000000 0.050000 124
2497 1.000000 0.050000 124
2499 1.000000 0.050000 124
2501 1.000000 0.050000 125
2503 1.000000 0.050000 125
2505 1.000000 0.050000 125
2507 1.000000 0.050000 125
2509 1.000000 0.050000 125
2511 1.000000 0.050000 125
2513 1.000000 0.050000 125
2515 1.000000 0.050000 125
2517 1.000000 0.050000 125
2519 1.000000 0.050000 125
2521 1.000000 0.050000 126
2523 1.000000 0.050000 126
2525 1.000000 0.050000 126
2527 1.000000 0.050000 126
2529 1.000000 0.050000 126
2531 1.000000 0.050000 126
2533 1.000000 0.050000 126
2535 1.000000 0.050000 126
2537 1.000000 0.050000 126
2539 1.000000 0.050000 126
2541 1.000000 0.050000 127
2543 1.000000 0.050000 127
2545 1.000000 0.050000 127
2547 1.000000 0.050000 127
2549 1.000000 0.050000 127
2551 1.000000 0.050000 127
2553 1.000000 0.050000 127
2555 1.000000 0.050000 127
2557 1.000000 0.050000 127
2559 1.000000 0.050000 127
2561 1.000000 0.050000 128
2563 1.000000 0.050000 128
2565 1.000000 0.050000 128
2567 1.000000 0.050000 128
2569 1.000000 0.050000 128
2571 1.000000 0.050000 128
2573 1.000000 0.050000 128
2575 1.000000 0.050000 128
2577 1.000000 0.050000 128
2579 1.000000 0.050000 128
2581 1.000000 0.050000 129
2583 1.000000 0.050000 129
2585 1.000000 0.050000 129
2587 1.000000 0.050000 129
2589 1.000000 0.050000 129
2591 1.000000 0.050000 129
2593 1.000000 0.050000 129
2595 1.000000 0.050000 129
2597 1.000000 0.050000 129
2599 1.000000 0.050000 129
2601 1.000000 0.050000 130
2603 1.000000 0.050000 130
2605 1.000000 0.050000 130
2607 1.000000 0.050000 130
2609 1.000000 0.050000 130
2611 1.000000 0.050000 130
2613 1.000000 0.050000 130
2615 1.000000 0.050000 130
2617 1.000000 0.050000 130
2619 1.000000 0.050000 130
2621 1.000000 0.050000 131
2623 1.000000 0.050000 131
2625 1.000000 0.050000 131
2627 1.000000 0.050000 131
2629 1.000000 0.050000 131
2631 1.000000 0.050000 131
2633 1.000000 0.050000 131
2635 1.000000 0.050000 131
2637 1.000000 0.050000 131
2639 1.000000 0.050000 131
2641 1.000000 0.050000 132
2643 1.000000 0.050000 132
2645 1.000000 0.050000 132
2647 1.000000 0.050000 132
2649 1.000000 0.050000 132
2651 1.000000 0.050000 132
2653 1.000000 0.050000 132
2655 1.000000 0.050000 132
2657 1.000000 0.050000 132
2659 1.000000 0.050000 132
2661 1.000000 0.050000 133
2663 1.000000 0.050000 133
2665 1.000000 0.050000 133
2667 1.000000 0.050000 133
2669 1.000000 0.050000 133
2671 1.000000 0.050000 133
2673 1.000000 0.050000 133
2675 1.000000 0.050000 133
2677 1.000000 0.050000 133
2679 1.000000 0.050000 133
2681 1.000000 0.050000 134
2683 1.000000 0.050000 134
2685 1.000000 0.050000 134
2687 1.000000 0.050000 134
2689 1.000000 0.050000 134
2691 1.000000 0.050000 134
2693 1.000000 0.050000 134
2695 1.000000 0.050000 134
2697 1.000000 0.050000 134
2699 1.000000 0.050000 134
2701 1.000000 0.050000 135
2703 1.000000 0.050000 135
2705 1.000000 0.050000 135
2707 1.000000 0.050000 135
2709 1.000000 0.050000 135
2711 1.000000 0.050000 135
2713 1.000000 0.050000 135
2715 1.000000 0.050000 135
2717 1.000000 0.050000 135
2719 1.000000 0.050000 135
2721 1.000000 0.050000 136
2723 1.000000 0.050000 136
2725 1.000000 0.050000 136
2727 1.000000 0.050000 136
2729 1.000000 0.050000 136
2731 1.000000 0.050000 136
2733 1.000000 0.050000 136
2735 1.000000 0.050000 136
2737 1.000000 0.050000 136
2739 1.000000 0.050000 136
2741 1.000000 0.050000 137
2743 1.000000 0.050000 137
2745 1.000000 0.050000 137
2747 1.000000 0.050000 137
2749 1.000000 0.050000 137
2751 1.000000 0.050000 137
2753 1.000000 0.050000 137
2755 1.000000 0.050000 137
2757 1.000000 0.050000 137
2759 1.000000 0.050000 137
2761 1.000000 0.050000 138
2763 1.000000 0.050000 138
2765 1.000000 0.050000 138
2767 1.000000 0.050000 138
2769 1.000000 0.050000 138
2771 1.000000 0.050000 138
2773 1.000000 0.050000 138
2775 1.000000 0.050000 138
2777 1.000000 0.050000 138
2779 1.000000 0.050000 138
2781 1.000000 0.050000 139
2783 1.000000 0.050000 139
2785 1.000000 0.050000 139
2787 1.000000 0.050000 139
2789 1.000000 0.050000 139
2791 1.000000 0.050000 139
2793 1.000000 0.050000 139
2795 1.000000 0.050000 139
2797 1.000000 0.050000 139
2799 1.000000 0.050000 139
2801 1.000000 0.050000 140
2803 1.000000 0.050000 140
2805 1.000000 0.050000 140
2807 1.000000 0.050000 140
2809 1.000000 0.050000 140
2811 1.000000 0.050000 140
2813 1.000000 0.050000 140
2815 1.000000 0.050000 140
2817 1.000000 0.050000 140
2819 1.000000 0.050000 140
2821 1.000000 0.050000 141
2823 1.000000 0.050000 141
2825 1.000000 0.050000 141
2827 1.000000 0.050000 141
2829 1.000000 0.050000 141
2831 1.000000 0.050000 141
2833 1.000000 0.050000 141
2835 1.000000 0.050000 141
2837 1.000000 0.050000 141
2839 1.000000 0.050000 141
2841 1.000000 0.050000 142
2843 1.000000 0.050000 142
2845 1.000000 0.050000 142
2847 1.000000 0.050000 142
2849 1.000000 0.050000 142
2851 1.000000 0.050000 142
2853 1.000000 0.050000 142
2855 1.000000 0.050000 142
2857 1.000000 0.050000 142
2859 1.000000 0.050000 142
2861 1.000000 0.050000 143
2863 1.000000 0.050000 143
2865 1.000000 0.050000 143
2867 1.000000 0.050000 143
2869 1.000000 0.050000 143
2871 1.000000 0.050000 143
2873 1.000000 0.050000 143
2875 1.000000 0.050000 143
2877 1.000000 0.050000 143
2879 1.000000 0.050000 143
2881 1.000000 0.050000 144
2883 1.000000 0.050000 144
2885 1.000000 0.050000 144
2887 1.000000 0.050000 144
2889 1.000000 0.050000 144
2891 1.000000 0.050000 144
2893 1.000000 0.050000 144
2895 1.000000 0.050000 144
2897 1.000000 0.050000 144
2899 1.000000 0.050000 144
2901 1.000000 0.050000 145
2903 1.000000 0.050000 145
2905 1.000000 0.050000 145
2907 1.000000 0.050000 145
2909 1.000000 0.050000 145
2911 1.000000 0.050000 145
2913 1.000000 0.050000 145
2915 1.000000 0.050000 145
2917 1.000000 0.050000 145
2919 1.000000 0.050000 145
2921 1.000000 0.050000 146
2923 1.000000 0.050000 146
2925 1.000000 0.050000 146
2927 1.000000 0.050000 146
2929 1.000000 0.050000 146
2931 1.000000 0.050000 146
2933 1.000000 0.050000 146
2935 1.000000 0.050000 146
2937 1.000000 0.050000 146
2939 1.000000 0.050000 146
2941 1.000000 0.050000 147
2943 1.000000 0.050000 147
2945 1.000000 0.050000 147
2947 1.000000 0.050000 147
2949 1.000000 0.050000 147
2951 1.000000 0.050000 147
2953 1.000000 0.050000 147
2955 1.000000 0.050000 147
2957 1.000000 0.050000 147
2959 1.000000 0.050000 147
2961 1.000000 0.050000 148
2963 1.000000 0.050000 148
2965 1.000000 0.050000 148
2967 1.000000 0.050000 148
2969 1.000000 0.050000 148
2971 1.000000 0.050000 148
2973 1.000000 0.050000 148
2975 1.000000 0.050000 148
2977 1.000000 0.050000 148
2979 1.000000 0.050000 148
2981 1.000000 0.050000 149
2983 1.000000 0.050000 149
2985 1.000000 0.050000 149
2987 1.000000 0.050000 149
2989 1.000000 0.050000 149
2991 1.000000 0.050000 149
2993 1.000000 0.050000 149
2995 1.000000 0.050000 149
2997 1.000000 0.050000 149
2999 1.000000 0.050000 149
3001 1.000000 0.050000 150
