101 1.000000 0.050000 5
103 1.000000 0.050000 5
105 1.000000 0.050000 5
107 1.000000 0.050000 5
109 1.000000 0.050000 5
111 1.000000 0.050000 5
113 1.000000 0.050000 5
115 1.000000 0.050000 5
117 1.000000 0.050000 5
119 1.000000 0.050000 5
121 1.000000 0.050000 6
123 1.000000 0.050000 6
125 1.000000 0.050000 6
127 1.000000 0.050000 6
129 1.000000 0.050000 6
131 1.000000 0.050000 6
133 1.000000 0.050000 6
135 1.000000 0.050000 6
137 1.000000 0.050000 6
139 1.000000 0.050000 6
141 1.000000 0.050000 7
143 1.000000 0.050000 7
145 1.000000 0.050000 7
147 1.000000 0.050000 7
149 1.000000 0.050000 7
151 1.000000 0.050000 7
153 1.000000 0.050000 7
155 1.000000 0.050000 7
157 1.000000 0.050000 7
159 1.000000 0.050000 7
161 1.000000 0.050000 8
163 1.000000 0.050000 8
165 1.000000 0.050000 8
167 1.000000 0.050000 8
169 1.000000 0.050000 8
171 1.000000 0.050000 8
173 1.000000 0.050000 8
175 1.000000 0.050000 8
177 1.000000 0.050000 8
179 1.000000 0.050000 8
181 1.000000 0.050000 9
183 1.000000 0.050000 9
185 1.000000 0.050000 9
187 1.000000 0.050000 9
189 1.000000 0.050000 9
191 1.000000 0.050000 9
193 1.000000 0.050000 9
195 1.000000 0.050000 9
197 1.000000 0.050000 9
199 1.000000 0.050000 9
201 1.000000 0.050000 10
203 1.000000 0.050000 10
205 1.000000 0.050000 10
207 1.000000 0.050000 10
209 1.000000 0.050000 10
211 1.000000 0.050000 10
213 1.000000 0.050000 10
215 1.000000 0.050000 10
217 1.000000 0.050000 10
219 1.000000 0.050000 10
221 1.000000 0.050000 11
223 1.000000 0.050000 11
225 1.000000 0.050000 11
227 1.000000 0.050000 11
229 1.000000 0.050000 11
231 1.000000 0.050000 11
233 1.000000 0.050000 11
235 1.000000 0.050000 11
237 1.000000 0.050000 11
239 1.000000 0.050000 11
241 1.000000 0.050000 12
243 1.000000 0.050000 12
245 1.000000 0.050000 12
247 1.000000 0.050000 12
249 1.000000 0.050000 12
251 1.000000 0.050000 12
253 1.000000 0.050000 12
255 1.000000 0.050000 12
257 1.000000 0.050000 12
259 1.000000 0.050000 12
261 1.000000 0.050000 13
263 1.000000 0.050000 13
265 1.000000 0.050000 13
267 1.000000 0.050000 13
269 1.000000 0.050000 13
271 1.000000 0.050000 13
273 1.000000 0.050000 13
275 1.000000 0.050000 13
277 1.000000 0.050000 13
279 1.000000 0.050000 13
281 1.000000 0.050000 14
283 1.000000 0.050000 14
285 1.000000 0.050000 14
287 1.000000 0.050000 14
289 1.000000 0.050000 14
291 1.000000 0.050000 14
293 1.000000 0.050000 14
295 1.000000 0.050000 14
297 1.000000 0.050000 14
299 1.000000 0.050000 14
301 1.000000 0.050000 15
303 1.000000 0.050000 15
305 1.000000 0.050000 15
307 1.000000 0.050000 15
309 1.000000 0.050000 15
311 1.000000 0.050000 15
313 1.000000 0.050000 15
315 1.000000 0.050000 15
317 1.000000 0.050000 15
319 1.000000 0.050000 15
321 1.000000 0.050000 16
323 1.000000 0.050000 16
325 1.000000 0.050000 16
327 1.000000 0.050000 16
329 1.000000 0.050000 16
331 1.000000 0.050000 16
333 1.000000 0.050000 16
335 1.000000 0.050000 16
337 1.000000 0.050000 16
339 1.000000 0.050000 16
341 1.000000 0.050000 17
343 1.000000 0.050000 17
345 1.000000 0.050000 17
347 1.000000 0.050000 17
349 1.000000 0.050000 17
351 1.000000 0.050000 17
353 1.000000 0.050000 17
355 1.000000 0.050000 17
357 1.000000 0.050000 17
359 1.000000 0.050000 17
361 1.000000 0.050000 18
363 1.000000 0.050000 18
365 1.000000 0.050000 18
367 1.000000 0.050000 18
369 1.000000 0.050000 18
371 1.000000 0.050000 18
373 1.000000 0.050000 18
375 1.000000 0.050000 18
377 1.000000 0.050000 18
379 1.000000 0.050000 18
381 1.000000 0.050000 19
383 1.000000 0.050000 19
385 1.000000 0.050000 19
387 1.000000 0.050000 19
389 1.000000 0.050000 19
391 1.000000 0.050000 19
393 1.000000 0.050000 19
395 1.000000 0.050000 19
397 1.000000 0.050000 19
399 1.000000 0.050000 19
401 1.000000 0.050000 20
403 1.000000 0.050000 20
405 1.000000 0.050000 20
407 1.000000 0.050000 20
409 1.000000 0.050000 20
411 1.000000 0.050000 20
413 1.000000 0.050000 20
415 1.000000 0.050000 20
417 1.000000 0.050000 20
419 1.000000 0.050000 20
421 1.000000 0.050000 21
423 1.000000 0.050000 21
425 1.000000 0.050000 21
427 1.000000 0.050000 21
429 1.000000 0.050000 21
431 1.000000 0.050000 21
433 1.000000 0.050000 21
435 1.000000 0.050000 21
437 1.000000 0.050000 21
439 1.000000 0.050000 21
441 1.000000 0.050000 22
443 1.000000 0.050000 22
445 1.000000 0.050000 22
447 1.000000 0.050000 22
449 1.000000 0.050000 22
451 1.000000 0.050000 22
453 1.000000 0.050000 22
455 1.000000 0.050000 22
457 1.000000 0.050000 22
459 1.000000 0.050000 22
461 1.000000 0.050000 23
463 1.000000 0.050000 23
465 1.000000 0.050000 23
467 1.000000 0.050000 23
469 1.000000 0.050000 23
471 1.000000 0.050000 23
473 1.000000 0.050000 23
475 1.000000 0.050000 23
477 1.000000 0.050000 23
479 1.000000 0.050000 23
481 1.000000 0.050000 24
483 1.000000 0.050000 24
485 1.000000 0.050000 24
487 1.000000 0.050000 24
489 1.000000 0.050000 24
491 1.000000 0.050000 24
493 1.000000 0.050000 24
495 1.000000 0.050000 24
497 1.000000 0.050000 24
499 1.000000 0.050000 24
501 1.000000 0.050000 25
503 1.000000 0.050000 25
505 1.000000 0.050000 25
507 1.000000 0.050000 25
509 1.000000 0.050000 25
511 1.000000 0.050000 25
513 1.000000 0.050000 25
515 1.000000 0.050000 25
517 1.000000 0.050000 25
519 1.000000 0.050000 25
521 1.000000 0.050000 26
523 1.000000 0.050000 26
525 1.000000 0.050000 26
527 1.000000 0.050000 26
529 1.000000 0.050000 26
531 1.000000 0.050000 26
533 1.000000 0.050000 26
535 1.000000 0.050000 26
537 1.000000 0.050000 26
539 1.000000 0.050000 26
541 1.000000 0.050000 27
543 1.000000 0.050000 27
545 1.000000 0.050000 27
547 1.000000 0.050000 27
549 1.000000 0.050000 27
551 1.000000 0.050000 27
553 1.000000 0.050000 27
555 1.000000 0.050000 27
557 1.000000 0.050000 27
559 1.000000 0.050000 27
561 1.000000 0.050000 28
563 1.000000 0.050000 28
565 1.000000 0.050000 28
567 1.000000 0.050000 28
569 1.000000 0.050000 28
571 1.000000 0.050000 28
573 1.000000 0.050000 28
575 1.000000 0.050000 28
577 1.000000 0.050000 28
579 1.000000 0.050000 28
581 1.000000 0.050000 29
583 1.000000 0.050000 29
585 1.000000 0.050000 29
587 1.000000 0.050000 29
589 1.000000 0.050000 29
591 1.000000 0.050000 29
593 1.000000 0.050000 29
595 1.000000 0.050000 29
597 1.000000 0.050000 29
599 1.000000 0.050000 29
601 1.000000 0.050000 30
603 1.000000 0.050000 30
605 1.000000 0.050000 30
607 1.000000 0.050000 30
609 1.000000 0.050000 30
611 1.000000 0.050000 30
613 1.000000 0.050000 30
615 1.000000 0.050000 30
617 1.000000 0.050000 30
619 1.000000 0.050000 30
621 1.000000 0.050000 31
623 1.000000 0.050000 31
625 1.000000 0.050000 31
627 1.000000 0.050000 31
629 1.000000 0.050000 31
631 1.000000 0.050000 31
633 1.000000 0.050000 31
635 1.000000 0.050000 31
637 1.000000 0.050000 31
639 1.000000 0.050000 31
641 1.000000 0.050000 32
643 1.000000 0.050000 32
645 1.000000 0.050000 32
647 1.000000 0.050000 32
649 1.000000 0.050000 32
651 1.000000 0.050000 32
653 1.000000 0.050000 32
655 1.000000 0.050000 32
657 1.000000 0.050000 32
659 1.000000 0.050000 32
661 1.000000 0.050000 33
663 1.000000 0.050000 33
665 1.000000 0.050000 33
667 1.000000 0.050000 33
669 1.000000 0.050000 33
671 1.000000 0.050000 33
673 1.000000 0.050000 33
675 1.000000 0.050000 33
677 1.000000 0.050000 33
679 1.000000 0.050000 33
681 1.000000 0.050000 34
683 1.000000 0.050000 34
685 1.000000 0.050000 34
687 1.000000 0.050000 34
689 1.000000 0.050000 34
691 1.000000 0.050000 34
693 1.000000 0.050000 34
695 1.000000 0.050000 34
697 1.000000 0.050000 34
699 1.000000 0.050000 34
701 1.000000 0.050000 35
703 1.000000 0.050000 35
705 1.000000 0.050000 35
707 1.000000 0.050000 35
709 1.000000 0.050000 35
711 1.000000 0.050000 35
713 1.000000 0.050000 35
715 1.000000 0.050000 35
717 1.000000 0.050000 35
719 1.000000 0.050000 35
721 1.000000 0.050000 36
723 1.000000 0.050000 36
725 1.000000 0.050000 36
727 1.000000 0.050000 36
729 1.000000 0.050000 36
731 1.000000 0.050000 36
733 1.000000 0.050000 36
735 1.000000 0.050000 36
737 1.000000 0.050000 36
739 1.000000 0.050000 36
741 1.000000 0.050000 37
743 1.000000 0.050000 37
745 1.000000 0.050000 37
747 1.000000 0.050000 37
749 1.000000 0.050000 37
751 1.000000 0.050000 37
753 1.000000 0.050000 37
755 1.000000 0.050000 37
757 1.000000 0.050000 37
759 1.000000 0.050000 37
761 1.000000 0.050000 38
763 1.000000 0.050000 38
765 1.000000 0.050000 38
767 1.000000 0.050000 38
769 1.000000 0.050000 38
771 1.000000 0.050000 38
773 1.000000 0.050000 38
775 1.000000 0.050000 38
777 1.000000 0.050000 38
779 1.000000 0.050000 38
781 1.000000 0.050000 39
783 1.000000 0.050000 39
785 1.000000 0.050000 39
787 1.000000 0.050000 39
789 1.000000 0.050000 39
791 1.000000 0.050000 39
793 1.000000 0.050000 39
795 1.000000 0.050000 39
797 1.000000 0.050000 39
799 1.000000 0.050000 39
801 1.000000 0.050000 40
803 1.000000 0.050000 40
805 1.000000 0.050000 40
807 1.000000 0.050000 40
809 1.000000 0.050000 40
811 1.000000 0.050000 40
813 1.000000 0.050000 40
815 1.000000 0.050000 40
817 1.000000 0.050000 40
819 1.000000 0.050000 40
821 1.000000 0.050000 41
823 1.000000 0.050000 41
825 1.000000 0.050000 41
827 1.000000 0.050000 41
829 1.000000 0.050000 41
831 1.000000 0.050000 41
833 1.000000 0.050000 41
835 1.000000 0.050000 41
837 1.000000 0.050000 41
839 1.000000 0.050000 41
841 1.000000 0.050000 42
843 1.000000 0.050000 42
845 1.000000 0.050000 42
847 1.000000 0.050000 42
849 1.000000 0.050000 42
851 1.000000 0.050000 42
853 1.000000 0.050000 42
855 1.000000 0.050000 42
857 1.000000 0.050000 42
859 1.000000 0.050000 42
861 1.000000 0.050000 43
863 1.000000 0.050000 43
865 1.000000 0.050000 43
867 1.000000 0.050000 43
869 1.000000 0.050000 43
871 1.000000 0.050000 43
873 1.000000 0.050000 43
875 1.000000 0.050000 43
877 1.000000 0.050000 43
879 1.000000 0.050000 43
881 1.000000 0.050000 44
883 1.000000 0.050000 44
885 1.000000 0.050000 44
887 1.000000 0.050000 44
889 1.000000 0.050000 44
891 1.000000 0.050000 44
893 1.000000 0.050000 44
895 1.000000 0.050000 44
897 1.000000 0.050000 44
899 1.000000 0.050000 44
901 1.000000 0.050000 45
903 1.000000 0.050000 45
905 1.000000 0.050000 45
907 1.000000 0.050000 45
909 1.000000 0.050000 45
911 1.000000 0.050000 45
913 1.000000 0.050000 45
915 1.000000 0.050000 45
917 1.000000 0.050000 45
919 1.000000 0.050000 45
921 1.000000 0.050000 46
923 1.000000 0.050000 46
925 1.000000 0.050000 46
927 1.000000 0.050000 46
929 1.000000 0.050000 46
931 1.000000 0.050000 46
933 1.000000 0.050000 46
935 1.000000 0.050000 46
937 1.000000 0.050000 46
939 1.000000 0.050000 46
941 1.000000 0.050000 47
943 1.000000 0.050000 47
945 1.000000 0.050000 47
947 1.000000 0.050000 47
949 1.000000 0.050000 47
951 1.000000 0.050000 47
953 1.000000 0.050000 47
955 1.000000 0.050000 47
957 1.000000 0.050000 47
959 1.000000 0.050000 47
961 1.000000 0.050000 48
963 1.000000 0.050000 48
965 1.000000 0.050000 48
967 1.000000 0.050000 48
969 1.000000 0.050000 48
971 1.000000 0.050000 48
973 1.000000 0.050000 48
975 1.000000 0.050000 48
977 1.000000 0.050000 48
979 1.000000 0.050000 48
981 1.000000 0.050000 49
983 1.000000 0.050000 49
985 1.000000 0.050000 49
987 1.000000 0.050000 49
989 1.000000 0.050000 49
991 1.000000 0.050000 49
993 1.000000 0.050000 49
995 1.000000 0.050000 49
997 1.000000 0.050000 49
999 1.000000 0.050000 49
1001 1.000000 0.050000 50
1003 1.000000 0.050000 50
1005 1.000000 0.050000 50
1007 1.000000 0.050000 50
1009 1.000000 0.050000 50
1011 1.000000 0.050000 50
1013 1.000000 0.050000 50
1015 1.000000 0.050000 50
1017 1.000000 0.050000 50
1019 1.000000 0.050000 50
1021 1.000000 0.050000 51
1023 1.000000 0.050000 51
1025 1.000000 0.050000 51
1027 1.000000 0.050000 51
1029 1.000000 0.050000 51
1031 1.000000 0.050000 51
1033 1.000000 0.050000 51
1035 1.000000 0.050000 51
1037 1.000000 0.050000 51
1039 1.000000 0.050000 51
1041 1.000000 0.050000 52
1043 1.000000 0.050000 52
1045 1.000000 0.050000 52
1047 1.000000 0.050000 52
1049 1.000000 0.050000 52
1051 1.000000 0.050000 52
1053 1.000000 0.050000 52
1055 1.000000 0.050000 52
1057 1.000000 0.050000 52
1059 1.000000 0.050000 52
1061 1.000000 0.050000 53
1063 1.000000 0.050000 53
1065 1.000000 0.050000 53
1067 1.000000 0.050000 53
1069 1.000000 0.050000 53
1071 1.000000 0.050000 53
1073 1.000000 0.050000 53
1075 1.000000 0.050000 53
1077 1.000000 0.050000 53
1079 1.000000 0.050000 53
1081 1.000000 0.050000 54
1083 1.000000 0.050000 54
1085 1.000000 0.050000 54
1087 1.000000 0.050000 54
1089 1.000000 0.050000 54
1091 1.000000 0.050000 54
1093 1.000000 0.050000 54
1095 1.000000 0.050000 54
1097 1.000000 0.050000 54
1099 1.000000 0.050000 54
1101 1.000000 0.050000 55
1103 1.000000 0.050000 55
1105 1.000000 0.050000 55
1107 1.000000 0.050000 55
1109 1.000000 0.050000 55
1111 1.000000 0.050000 55
1113 1.000000 0.050000 55
1115 1.000000 0.050000 55
1117 1.000000 0.050000 55
1119 1.000000 0.050000 55
1121 1.000000 0.050000 56
1123 1.000000 0.050000 56
1125 1.000000 0.050000 56
1127 1.000000 0.050000 56
1129 1.000000 0.050000 56
1131 1.000000 0.050000 56
1133 1.000000 0.050000 56
1135 1.000000 0.050000 56
1137 1.000000 0.050000 56
1139 1.000000 0.050000 56
1141 1.000000 0.050000 57
1143 1.000000 0.050000 57
1145 1.000000 0.050000 57
1147 1.000000 0.050000 57
1149 1.000000 0.050000 57
1151 1.000000 0.050000 57
1153 1.000000 0.050000 57
1155 1.000000 0.050000 57
1157 1.000000 0.050000 57
1159 1.000000 0.050000 57
1161 1.000000 0.050000 58
1163 1.000000 0.050000 58
1165 1.000000 0.050000 58
1167 1.000000 0.050000 58
1169 1.000000 0.050000 58
1171 1.000000 0.050000 58
1173 1.000000 0.050000 58
1175 1.000000 0.050000 58
1177 1.000000 0.050000 58
1179 1.000000 0.050000 58
1181 1.000000 0.050000 59
1183 1.000000 0.050000 59
1185 1.000000 0.050000 59
1187 1.000000 0.050000 59
1189 1.000000 0.050000 59
1191 1.000000 0.050000 59
1193 1.000000 0.050000 59
1195 1.000000 0.050000 59
1197 1.000000 0.050000 59
1199 1.000000 0.050000 59
1201 1.000000 0.050000 60
1203 1.000000 0.050000 60
1205 1.000000 0.050000 60
1207 1.000000 0.050000 60
1209 1.000000 0.050000 60
1211 1.000000 0.050000 60
1213 1.000000 0.050000 60
1215 1.000000 0.050000 60
1217 1.000000 0.050000 60
1219 1.000000 0.050000 60
1221 1.000000 0.050000 61
1223 1.000000 0.050000 61
1225 1.000000 0.050000 61
1227 1.000000 0.050000 61
1229 1.000000 0.050000 61
1231 1.000000 0.050000 61
1233 1.000000 0.050000 61
1235 1.000000 0.050000 61
1237 1.000000 0.050000 61
1239 1.000000 0.050000 61
1241 1.000000 0.050000 62
1243 1.000000 0.050000 62
1245 1.000000 0.050000 62
1247 1.000000 0.050000 62
1249 1.000000 0.050000 62
1251 1.000000 0.050000 62
1253 1.000000 0.050000 62
1255 1.000000 0.050000 62
1257 1.000000 0.050000 62
1259 1.000000 0.050000 62
1261 1.000000 0.050000 63
1263 1.000000 0.050000 63
1265 1.000000 0.050000 63
1267 1.000000 0.050000 63
1269 1.000000 0.050000 63
1271 1.000000 0.050000 63
1273 1.000000 0.050000 63
1275 1.000000 0.050000 63
1277 1.000000 0.050000 63
1279 1.000000 0.050000 63
1281 1.000000 0.050000 64
1283 1.000000 0.050000 64
1285 1.000000 0.050000 64
1287 1.000000 0.050000 64
1289 1.000000 0.050000 64
1291 1.000000 0.050000 64
1293 1.000000 0.050000 64
1295 1.000000 0.050000 64
1297 1.000000 0.050000 64
1299 1.000000 0.050000 64
1301 1.000000 0.050000 65
1303 1.000000 0.050000 65
1305 1.000000 0.050000 65
1307 1.000000 0.050000 65
1309 1.000000 0.050000 65
1311 1.000000 0.050000 65
1313 1.000000 0.050000 65
1315 1.000000 0.050000 65
1317 1.000000 0.050000 65
1319 1.000000 0.050000 65
1321 1.000000 0.050000 66
1323 1.000000 0.050000 66
1325 1.000000 0.050000 66
1327 1.000000 0.050000 66
1329 1.000000 0.050000 66
1331 1.000000 0.050000 66
1333 1.000000 0.050000 66
1335 1.000000 0.050000 66
1337 1.000000 0.050000 66
1339 1.000000 0.050000 66
1341 1.000000 0.050000 67
1343 1.000000 0.050000 67
1345 1.000000 0.050000 67
1347 1.000000 0.050000 67
1349 1.000000 0.050000 67
1351 1.000000 0.050000 67
1353 1.000000 0.050000 67
1355 1.000000 0.050000 67
1357 1.000000 0.050000 67
1359 1.000000 0.050000 67
1361 1.000000 0.050000 68
1363 1.000000 0.050000 68
1365 1.000000 0.050000 68
1367 1.000000 0.050000 68
1369 1.000000 0.050000 68
1371 1.000000 0.050000 68
1373 1.000000 0.050000 68
1375 1.000000 0.050000 68
1377 1.000000 0.050000 68
1379 1.000000 0.050000 68
1381 1.000000 0.050000 69
1383 1.000000 0.050000 69
1385 1.000000 0.050000 69
1387 1.000000 0.050000 69
1389 1.000000 0.050000 69
1391 1.000000 0.050000 69
1393 1.000000 0.050000 69
1395 1.000000 0.050000 69
1397 1.000000 0.050000 69
1399 1.000000 0.050000 69
1401 1.000000 0.050000 70
1403 1.000000 0.050000 70
1405 1.000000 0.050000 70
1407 1.000000 0.050000 70
1409 1.000000 0.050000 70
1411 1.000000 0.050000 70
1413 1.000000 0.050000 70
1415 1.000000 0.050000 70
1417 1.000000 0.050000 70
1419 1.000000 0.050000 70
1421 1.000000 0.050000 71
1423 1.000000 0.050000 71
1425 1.000000 0.050000 71
1427 1.000000 0.050000 71
1429 1.000000 0.050000 71
1431 1.000000 0.050000 71
1433 1.000000 0.050000 71
1435 1.000000 0.050000 71
1437 1.000000 0.050000 71
1439 1.000000 0.050000 71
1441 1.000000 0.050000 72
1443 1.000000 0.050000 72
1445 1.000000 0.050000 72
1447 1.000000 0.050000 72
1449 1.000000 0.050000 72
1451 1.000000 0.050000 72
1453 1.000000 0.050000 72
1455 1.000000 0.050000 72
1457 1.000000 0.050000 72
1459 1.000000 0.050000 72
1461 1.000000 0.050000 73
1463 1.000000 0.050000 73
1465 1.000000 0.050000 73
1467 1.000000 0.050000 73
1469 1.000000 0.050000 73
1471 1.000000 0.050000 73
1473 1.000000 0.050000 73
1475 1.000000 0.050000 73
1477 1.000000 0.050000 73
1479 1.000000 0.050000 73
1481 1.000000 0.050000 74
1483 1.000000 0.050000 74
1485 1.000000 0.050000 74
1487 1.000000 0.050000 74
1489 1.000000 0.050000 74
1491 1.000000 0.050000 74
1493 1.000000 0.050000 74
1495 1.000000 0.050000 74
1497 1.000000 0.050000 74
1499 1.000000 0.050000 74
1501 1.000000 0.050000 75
1503 1.000000 0.050000 75
1505 1.000000 0.050000 75
1507 1.000000 0.050000 75
1509 1.000000 0.050000 75
1511 1.000000 0.050000 75
1513 1.000000 0.050000 75
1515 1.000000 0.050000 75
1517 1.000000 0.050000 75
1519 1.000000 0.050000 75
1521 1.000000 0.050000 76
1523 1.000000 0.050000 76
1525 1.000000 0.050000 76
1527 1.000000 0.050000 76
1529 1.000000 0.050000 76
1531 1.000000 0.050000 76
1533 1.000000 0.050000 76
1535 1.000000 0.050000 76
1537 1.000000 0.050000 76
1539 1.000000 0.050000 76
1541 1.000000 0.050000 77
1543 1.000000 0.050000 77
1545 1.000000 0.050000 77
1547 1.000000 0.050000 77
1549 1.000000 0.050000 77
1551 1.000000 0.050000 77
1553 1.000000 0.050000 77
1555 1.000000 0.050000 77
1557 1.000000 0.050000 77
1559 1.000000 0.050000 77
1561 1.000000 0.050000 78
1563 1.000000 0.050000 78
1565 1.000000 0.050000 78
1567 1.000000 0.050000 78
1569 1.000000 0.050000 78
1571 1.000000 0.050000 78
1573 1.000000 0.050000 78
1575 1.000000 0.050000 78
1577 1.000000 0.050000 78
1579 1.000000 0.050000 78
1581 1.000000 0.050000 79
1583 1.000000 0.050000 79
1585 1.000000 0.050000 79
1587 1.000000 0.050000 79
1589 1.000000 0.050000 79
1591 1.000000 0.050000 79
1593 1.000000 0.050000 79
1595 1.000000 0.050000 79
1597 1.000000 0.050000 79
1599 1.000000 0.050000 79
1601 1.000000 0.050000 80
1603 1.000000 0.050000 80
1605 1.000000 0.050000 80
1607 1.000000 0.050000 80
1609 1.000000 0.050000 80
1611 1.000000 0.050000 80
1613 1.000000 0.050000 80
1615 1.000000 0.050000 80
1617 1.000000 0.050000 80
1619 1.000000 0.050000 80
1621 1.000000 0.050000 81
1623 1.000000 0.050000 81
1625 1.000000 0.050000 81
1627 1.000000 0.050000 81
1629 1.000000 0.050000 81
1631 1.000000 0.050000 81
1633 1.000000 0.050000 81
1635 1.000000 0.050000 81
1637 1.000000 0.050000 81
1639 1.000000 0.050000 81
1641 1.000000 0.050000 82
1643 1.000000 0.050000 82
1645 1.000000 0.050000 82
1647 1.000000 0.050000 82
1649 1.000000 0.050000 82
1651 1.000000 0.050000 82
1653 1.000000 0.050000 82
1655 1.000000 0.050000 82
1657 1.000000 0.050000 82
1659 1.000000 0.050000 82
1661 1.000000 0.050000 83
1663 1.000000 0.050000 83
1665 1.000000 0.050000 83
1667 1.000000 0.050000 83
1669 1.000000 0.050000 83
1671 1.000000 0.050000 83
1673 1.000000 0.050000 83
1675 1.000000 0.050000 83
1677 1.000000 0.050000 83
1679 1.000000 0.050000 83
1681 1.000000 0.050000 84
1683 1.000000 0.050000 84
1685 1.000000 0.050000 84
1687 1.000000 0.050000 84
1689 1.000000 0.050000 84
1691 1.000000 0.050000 84
1693 1.000000 0.050000 84
1695 1.000000 0.050000 84
1697 1.000000 0.050000 84
1699 1.000000 0.050000 84
1701 1.000000 0.050000 85
1703 1.000000 0.050000 85
1705 1.000000 0.050000 85
1707 1.000000 0.050000 85
1709 1.000000 0.050000 85
1711 1.000000 0.050000 85
1713 1.000000 0.050000 85
1715 1.000000 0.050000 85
1717 1.000000 0.050000 85
1719 1.000000 0.050000 85
1721 1.000000 0.050000 86
1723 1.000000 0.050000 86
1725 1.000000 0.050000 86
1727 1.000000 0.050000 86
1729 1.000000 0.050000 86
1731 1.000000 0.050000 86
1733 1.000000 0.050000 86
1735 1.000000 0.050000 86
1737 1.000000 0.050000 86
1739 1.000000 0.050000 86
1741 1.000000 0.050000 87
1743 1.000000 0.050000 87
1745 1.000000 0.050000 87
1747 1.000000 0.050000 87
1749 1.000000 0.050000 87
1751 1.000000 0.050000 87
1753 1.000000 0.050000 87
1755 1.000000 0.050000 87
1757 1.000000 0.050000 87
1759 1.000000 0.050000 87
1761 1.000000 0.050000 88
1763 1.000000 0.050000 88
1765 1.000000 0.050000 88
1767 1.000000 0.050000 88
1769 1.000000 0.050000 88
1771 1.000000 0.050000 88
1773 1.000000 0.050000 88
1775 1.000000 0.050000 88
1777 1.000000 0.050000 88
1779 1.000000 0.050000 88
1781 1.000000 0.050000 89
1783 1.000000 0.050000 89
1785 1.000000 0.050000 89
1787 1.000000 0.050000 89
1789 1.000000 0.050000 89
1791 1.000000 0.050000 89
1793 1.000000 0.050000 89
1795 1.000000 0.050000 89
1797 1.000000 0.050000 89
1799 1.000000 0.050000 89
1801 1.000000 0.050000 90
1803 1.000000 0.050000 90
1805 1.000000 0.050000 90
1807 1.000000 0.050000 90
1809 1.000000 0.050000 90
1811 1.000000 0.050000 90
1813 1.000000 0.050000 90
1815 1.000000 0.050000 90
1817 1.000000 0.050000 90
1819 1.000000 0.050000 90
1821 1.000000 0.050000 91
1823 1.000000 0.050000 91
1825 1.000000 0.050000 91
1827 1.000000 0.050000 91
1829 1.000000 0.050000 91
1831 1.000000 0.050000 91
1833 1.000000 0.050000 91
1835 1.000000 0.050000 91
1837 1.000000 0.050000 91
1839 1.000000 0.050000 91
1841 1.000000 0.050000 92
1843 1.000000 0.050000 92
1845 1.000000 0.050000 92
1847 1.000000 0.050000 92
1849 1.000000 0.050000 92
1851 1.000000 0.050000 92
1853 1.000000 0.050000 92
1855 1.000000 0.050000 92
1857 1.000000 0.050000 92
1859 1.000000 0.050000 92
1861 1.000000 0.050000 93
1863 1.000000 0.050000 93
1865 1.000000 0.050000 93
1867 1.000000 0.050000 93
1869 1.000000 0.050000 93
1871 1.000000 0.050000 93
1873 1.000000 0.050000 93
1875 1.000000 0.050000 93
1877 1.000000 0.050000 93
1879 1.000000 0.050000 93
1881 1.000000 0.050000 94
1883 1.000000 0.050000 94
1885 1.000000 0.050000 94
1887 1.000000 0.050000 94
1889 1.000000 0.050000 94
1891 1.000000 0.050000 94
1893 1.000000 0.050000 94
1895 1.000000 0.050000 94
1897 1.000000 0.050000 94
1899 1.000000 0.050000 94
1901 1.000000 0.050000 95
1903 1.000000 0.050000 95
1905 1.000000 0.050000 95
1907 1.000000 0.050000 95
1909 1.000000 0.050000 95
1911 1.000000 0.050000 95
1913 1.000000 0.050000 95
1915 1.000000 0.050000 95
1917 1.000000 0.050000 95
1919 1.000000 0.050000 95
1921 1.000000 0.050000 96
1923 1.000000 0.050000 96
1925 1.000000 0.050000 96
1927 1.000000 0.050000 96
1929 1.000000 0.050000 96
1931 1.000000 0.050000 96
1933 1.000000 0.050000 96
1935 1.000000 0.050000 96
1937 1.000000 0.050000 96
1939 1.000000 0.050000 96
1941 1.000000 0.050000 97
1943 1.000000 0.050000 97
1945 1.000000 0.050000 97
1947 1.000000 0.050000 97
1949 1.000000 0.050000 97
1951 1.000000 0.050000 97
1953 1.000000 0.050000 97
1955 1.000000 0.050000 97
1957 1.000000 0.050000 97
1959 1.000000 0.050000 97
1961 1.000000 0.050000 98
1963 1.000000 0.050000 98
1965 1.000000 0.050000 98
1967 1.000000 0.050000 98
1969 1.000000 0.050000 98
1971 1.000000 0.050000 98
1973 1.000000 0.050000 98
1975 1.000000 0.050000 98
1977 1.000000 0.050000 98
1979 1.000000 0.050000 98
1981 1.000000 0.050000 99
1983 1.000000 0.050000 99
1985 1.000000 0.050000 99
1987 1.000000 0.050000 99
1989 1.000000 0.050000 99
1991 1.000000 0.050000 99
1993 1.000000 0.050000 99
1995 1.000000 0.050000 99
1997 1.000000 0.050000 99
1999 1.000000 0.050000 99
2001 1.000000 0.050000 100
2003 1.000000 0.050000 100
2005 1.000000 0.050000 100
2007 1.000000 0.050000 100
2009 1.000000 0.050000 100
2011 1.000000 0.050000 100
2013 1.000000 0.050000 100
2015 1.000000 0.050000 100
2017 1.000000 0.050000 100
2019 1.000000 0.050000 100
2021 1.000000 0.050000 101
2023 1.000000 0.050000 101
2025 1.000000 0.050000 101
2027 1.000000 0.050000 101
2029 1.000000 0.050000 101
2031 1.000000 0.050000 101
2033 1.000000 0.050000 101
2035 1.000000 0.050000 101
2037 1.000000 0.050000 101
2039 1.000000 0.050000 101
2041 1.000000 0.050000 102
2043 1.000000 0.050000 102
2045 1.000000 0.050000 102
2047 1.000000 0.050000 102
2049 1.000000 0.050000 102
2051 1.000000 0.050000 102
2053 1.000000 0.050000 102
2055 1.000000 0.050000 102
2057 1.000000 0.050000 102
2059 1.000000 0.050000 102
2061 1.000000 0.050000 103
2063 1.000000 0.050000 103
2065 1.000000 0.050000 103
2067 1.000000 0.050000 103
2069 1.000000 0.050000 103
2071 1.000000 0.050000 103
2073 1.000000 0.050000 103
2075 1.000000 0.050000 103
2077 1.000000 0.050000 103
2079 1.000000 0.050000 103
2081 1.000000 0.050000 104
2083 1.000000 0.050000 104
2085 1.000000 0.050000 104
2087 1.000000 0.050000 104
2089 1.000000 0.050000 104
2091 1.000000 0.050000 104
2093 1.000000 0.050000 104
2095 1.000000 0.050000 104
2097 1.000000 0.050000 104
2099 1.000000 0.050000 104
2101 1.000000 0.050000 105
2103 1.000000 0.050000 105
2105 1.000000 0.050000 105
2107 1.000000 0.050000 105
2109 1.000000 0.050000 105
2111 1.000000 0.050000 105
2113 1.000000 0.050000 105
2115 1.000000 0.050000 105
2117 1.000000 0.050000 105
2119 1.000000 0.050000 105
2121 1.000000 0.050000 106
2123 1.000000 0.050000 106
2125 1.000000 0.050000 106
2127 1.000000 0.050000 106
2129 1.000000 0.050000 106
2131 1.000000 0.050000 106
2133 1.000000 0.050000 106
2135 1.000000 0.050000 106
2137 1.000000 0.050000 106
2139 1.000000 0.050000 106
2141 1.000000 0.050000 107
2143 1.000000 0.050000 107
2145 1.000000 0.050000 107
2147 1.000000 0.050000 107
2149 1.000000 0.050000 107
2151 1.000000 0.050000 107
2153 1.000000 0.050000 107
2155 1.000000 0.050000 107
2157 1.000000 0.050000 107
2159 1.000000 0.050000 107
2161 1.000000 0.050000 108
2163 1.000000 0.050000 108
2165 1.000000 0.050000 108
2167 1.000000 0.050000 108
2169 1.000000 0.050000 108
2171 1.000000 0.050000 108
2173 1.000000 0.050000 108
2175 1.000000 0.050000 108
2177 1.000000 0.050000 108
2179 1.000000 0.050000 108
2181 1.000000 0.050000 109
2183 1.000000 0.050000 109
2185 1.000000 0.050000 109
2187 1.000000 0.050000 109
2189 1.000000 0.050000 109
2191 1.000000 0.050000 109
2193 1.000000 0.050000 109
2195 1.000000 0.050000 109
2197 1.000000 0.050000 109
2199 1.000000 0.050000 109
2201 1.000000 0.050000 110
2203 1.000000 0.050000 110
2205 1.000000 0.050000 110
2207 1.000000 0.050000 110
2209 1.000000 0.050000 110
2211 1.000000 0.050000 110
2213 1.000000 0.050000 110
2215 1.000000 0.050000 110
2217 1.000000 0.050000 110
2219 1.000000 0.050000 110
2221 1.000000 0.050000 111
2223 1.000000 0.050000 111
2225 1.000000 0.050000 111
2227 1.000000 0.050000 111
2229 1.000000 0.050000 111
2231 1.000000 0.050000 111
2233 1.000000 0.050000 111
2235 1.000000 0.050000 111
2237 1.000000 0.050000 111
2239 1.000000 0.050000 111
2241 1.000000 0.050000 112
2243 1.000000 0.050000 112
2245 1.000000 0.050000 112
2247 1.000000 0.050000 112
2249 1.000000 0.050000 112
2251 1.000000 0.050000 112
2253 1.000000 0.050000 112
2255 1.000000 0.050000 112
2257 1.000000 0.050000 112
2259 1.000000 0.050000 112
2261 1.000000 0.050000 113
2263 1.000000 0.050000 113
2265 1.000000 0.050000 113
2267 1.000000 0.050000 113
2269 1.000000 0.050000 113
2271 1.000000 0.050000 113
2273 1.000000 0.050000 113
2275 1.000000 0.050000 113
2277 1.000000 0.050000 113
2279 1.000000 0.050000 113
2281 1.000000 0.050000 114
2283 1.000000 0.050000 114
2285 1.000000 0.050000 114
2287 1.000000 0.050000 114
2289 1.000000 0.050000 114
2291 1.000000 0.050000 114
2293 1.000000 0.050000 114
2295 1.000000 0.050000 114
2297 1.000000 0.050000 114
2299 1.000000 0.050000 114
2301 1.000000 0.050000 115
2303 1.000000 0.050000 115
2305 1.000000 0.050000 115
2307 1.000000 0.050000 115
2309 1.000000 0.050000 115
2311 1.000000 0.050000 115
2313 1.000000 0.050000 115
2315 1.000000 0.050000 115
2317 1.000000 0.050000 115
2319 1.000000 0.050000 115
2321 1.000000 0.050000 116
2323 1.000000 0.050000 116
2325 1.000000 0.050000 116
2327 1.000000 0.050000 116
2329 1.000000 0.050000 116
2331 1.000000 0.050000 116
2333 1.000000 0.050000 116
2335 1.000000 0.050000 116
2337 1.000000 0.050000 116
2339 1.000000 0.050000 116
2341 1.000000 0.050000 117
2343 1.000000 0.050000 117
2345 1.000000 0.050000 117
2347 1.000000 0.050000 117
2349 1.000000 0.050000 117
2351 1.000000 0.050000 117
2353 1.000000 0.050000 117
2355 1.000000 0.050000 117
2357 1.000000 0.050000 117
2359 1.000000 0.050000 117
2361 1.000000 0.050000 118
2363 1.000000 0.050000 118
2365 1.000000 0.050000 118
2367 1.000000 0.050000 118
2369 1.000000 0.050000 118
2371 1.000000 0.050000 118
2373 1.000000 0.050000 118
2375 1.000000 0.050000 118
2377 1.000000 0.050000 118
2379 1.000000 0.050000 118
2381 1.000000 0.050000 119
2383 1.000000 0.050000 119
2385 1.000000 0.050000 119
2387 1.000000 0.050000 119
2389 1.000000 0.050000 119
2391 1.000000 0.050000 119
2393 1.000000 0.050000 119
2395 1.000000 0.050000 119
2397 1.000000 0.050000 119
2399 1.000000 0.050000 119
2401 1.000000 0.050000 120
2403 1.000000 0.050000 120
2405 1.000000 0.050000 120
2407 1.000000 0.050000 120
2409 1.000000 0.050000 120
2411 1.000000 0.050000 120
2413 1.000000 0.050000 120
2415 1.000000 0.050000 120
2417 1.000000 0.050000 120
2419 1.000000 0.050000 120
2421 1.000000 0.050000 121
2423 1.000000 0.050000 121
2425 1.000000 0.050000 121
2427 1.000000 0.050000 121
2429 1.000000 0.050000 121
2431 1.000000 0.050000 121
2433 1.000000 0.050000 121
2435 1.000000 0.050000 121
2437 1.000000 0.050000 121
2439 1.000000 0.050000 121
2441 1.000000 0.050000 122
2443 1.000000 0.050000 122
2445 1.000000 0.050000 122
2447 1.000000 0.050000 122
2449 1.000000 0.050000 122
2451 1.000000 0.050000 122
2453 1.000000 0.050000 122
2455 1.000000 0.050000 122
2457 1.000000 0.050000 122
2459 1.000000 0.050000 122
2461 1.000000 0.050000 123
2463 1.000000 0.050000 123
2465 1.000000 0.050000 123
2467 1.000000 0.050000 123
2469 1.000000 0.050000 123
2471 1.000000 0.050000 123
2473 1.000000 0.050000 123
2475 1.000000 0.050000 123
2477 1.000000 0.050000 123
2479 1.000000 0.050000 123
2481 1.000000 0.050000 124
2483 1.000000 0.050000 124
2485 1.000000 0.050000 124
2487 1.000000 0.050000 124
2489 1.000000 0.050000 124
2491 1.000000 0.050000 124
2493 1.000000 0.050000 124
2495 1.000000 0.050000 124
2497 1.000000 0.050000 124
2499 1.000000 0.050000 124
2501 1.000000 0.050000 125
2503 1.000000 0.050000 125
2505 1.000000 0.050000 125
2507 1.000000 0.050000 125
2509 1.000000 0.050000 125
2511 1.000000 0.050000 125
2513 1.000000 0.050000 125
2515 1.000000 0.050000 125
2517 1.000000 0.050000 125
2519 1.000000 0.050000 125
2521 1.000000 0.050000 126
2523 1.000000 0.050000 126
2525 1.000000 0.050000 126
2527 1.000000 0.050000 126
2529 1.000000 0.050000 126
2531 1.000000 0.050000 126
2533 1.000000 0.050000 126
2535 1.000000 0.050000 126
2537 1.000000 0.050000 126
2539 1.000000 0.050000 126
2541 1.000000 0.050000 127
2543 1.000000 0.050000 127
2545 1.000000 0.050000 127
2547 1.000000 0.050000 127
2549 1.000000 0.050000 127
2551 1.000000 0.050000 127
2553 1.000000 0.050000 127
2555 1.000000 0.050000 127
2557 1.000000 0.050000 127
2559 1.000000 0.050000 127
2561 1.000000 0.050000 128
2563 1.000000 0.050000 128
2565 1.000000 0.050000 128
2567 1.000000 0.050000 128
2569 1.000000 0.050000 128
2571 1.000000 0.050000 128
2573 1.000000 0.050000 128
2575 1.000000 0.050000 128
2577 1.000000 0.050000 128
2579 1.000000 0.050000 128
2581 1.000000 0.050000 129
2583 1.000000 0.050000 129
2585 1.000000 0.050000 129
2587 1.000000 0.050000 129
2589 1.000000 0.050000 129
2591 1.000000 0.050000 129
2593 1.000000 0.050000 129
2595 1.000000 0.050000 129
2597 1.000000 0.050000 129
2599 1.000000 0.050000 129
2601 1.000000 0.050000 130
2603 1.000000 0.050000 130
2605 1.000000 0.050000 130
2607 1.000000 0.050000 130
2609 1.000000 0.050000 130
2611 1.000000 0.050000 130
2613 1.000000 0.050000 130
2615 1.000000 0.050000 130
2617 1.000000 0.050000 130
2619 1.000000 0.050000 130
2621 1.000000 0.050000 131
2623 1.000000 0.050000 131
2625 1.000000 0.050000 131
2627 1.000000 0.050000 131
2629 1.000000 0.050000 131
2631 1.000000 0.050000 131
2633 1.000000 0.050000 131
2635 1.000000 0.050000 131
2637 1.000000 0.050000 131
2639 1.000000 0.050000 131
2641 1.000000 0.050000 132
2643 1.000000 0.050000 132
2645 1.000000 0.050000 132
2647 1.000000 0.050000 132
2649 1.000000 0.050000 132
2651 1.000000 0.050000 132
2653 1.000000 0.050000 132
2655 1.000000 0.050000 132
2657 1.000000 0.050000 132
2659 1.000000 0.050000 132
2661 1.000000 0.050000 133
2663 1.000000 0.050000 133
2665 1.000000 0.050000 133
2667 1.000000 0.050000 133
2669 1.000000 0.050000 133
2671 1.000000 0.050000 133
2673 1.000000 0.050000 133
2675 1.000000 0.050000 133
2677 1.000000 0.050000 133
2679 1.000000 0.050000 133
2681 1.000000 0.050000 134
2683 1.000000 0.050000 134
2685 1.000000 0.050000 134
2687 1.000000 0.050000 134
2689 1.000000 0.050000 134
2691 1.000000 0.050000 134
2693 1.000000 0.050000 134
2695 1.000000 0.050000 134
2697 1.000000 0.050000 134
2699 1.000000 0.050000 134
2701 1.000000 0.050000 135
2703 1.000000 0.050000 135
2705 1.000000 0.050000 135
2707 1.000000 0.050000 135
2709 1.000000 0.050000 135
2711 1.000000 0.050000 135
2713 1.000000 0.050000 135
2715 1.000000 0.050000 135
2717 1.000000 0.050000 135
2719 1.000000 0.050000 135
2721 1.000000 0.050000 136
2723 1.000000 0.050000 136
2725 1.000000 0.050000 136
2727 1.000000 0.050000 136
2729 1.000000 0.050000 136
2731 1.000000 0.050000 136
2733 1.000000 0.050000 136
2735 1.000000 0.050000 136
2737 1.000000 0.050000 136
2739 1.000000 0.050000 136
2741 1.000000 0.050000 137
2743 1.000000 0.050000 137
2745 1.000000 0.050000 137
2747 1.000000 0.050000 137
2749 1.000000 0.050000 137
2751 1.000000 0.050000 137
2753 1.000000 0.050000 137
2755 1.000000 0.050000 137
2757 1.000000 0.050000 137
2759 1.000000 0.050000 137
2761 1.000000 0.050000 138
2763 1.000000 0.050000 138
2765 1.000000 0.050000 138
2767 1.000000 0.050000 138
2769 1.000000 0.050000 138
2771 1.000000 0.050000 138
2773 1.000000 0.050000 138
2775 1.000000 0.050000 138
2777 1.000000 0.050000 138
2779 1.000000 0.050000 138
2781 1.000000 0.050000 139
2783 1.000000 0.050000 139
2785 1.000000 0.050000 139
2787 1.000000 0.050000 139
2789 1.000000 0.050000 139
2791 1.000000 0.050000 139
2793 1.000000 0.050000 139
2795 1.000000 0.050000 139
2797 1.000000 0.050000 139
2799 1.000000 0.050000 139
2801 1.000000 0.050000 140
2803 1.000000 0.050000 140
2805 1.000000 0.050000 140
2807 1.000000 0.050000 140
2809 1.000000 0.050000 140
2811 1.000000 0.050000 140
2813 1.000000 0.050000 140
2815 1.000000 0.050000 140
2817 1.000000 0.050000 140
2819 1.000000 0.050000 140
2821 1.000000 0.050000 141
2823 1.000000 0.050000 141
2825 1.000000 0.050000 141
2827 1.000000 0.050000 141
2829 1.000000 0.050000 141
2831 1.000000 0.050000 141
2833 1.000000 0.050000 141
2835 1.000000 0.050000 141
2837 1.000000 0.050000 141
2839 1.000000 0.050000 141
2841 1.000000 0.050000 142
2843 1.000000 0.050000 142
2845 1.000000 0.050000 142
2847 1.000000 0.050000 142
2849 1.000000 0.050000 142
2851 1.000000 0.050000 142
2853 1.000000 0.050000 142
2855 1.000000 0.050000 142
2857 1.000000 0.050000 142
2859 1.000000 0.050000 142
2861 1.000000 0.050000 143
2863 1.000000 0.050000 143
2865 1.000000 0.050000 143
2867 1.000000 0.050000 143
2869 1.000000 0.050000 143
2871 1.000000 0.050000 143
2873 1.000000 0.050000 143
2875 1.000000 0.050000 143
2877 1.000000 0.050000 143
2879 1.000000 0.050000 143
2881 1.000000 0.050000 144
2883 1.000000 0.050000 144
2885 1.000000 0.050000 144
2887 1.000000 0.050000 144
2889 1.000000 0.050000 144
2891 1.000000 0.050000 144
2893 1.000000 0.050000 144
2895 1.000000 0.050000 144
2897 1.000000 0.050000 144
2899 1.000000 0.050000 144
2901 1.000000 0.050000 145
2903 1.000000 0.050000 145
2905 1.000000 0.050000 145
2907 1.000000 0.050000 145
2909 1.000000 0.050000 145
2911 1.000000 0.050000 145
2913 1.000000 0.050000 145
2915 1.000000 0.050000 145
2917 1.000000 0.050000 145
2919 1.000000 0.050000 145
2921 1.000000 0.050000 146
2923 1.000000 0.050000 146
2925 1.000000 0.050000 146
2927 1.000000 0.050000 146
2929 1.000000 0.050000 146
2931 1.000000 0.050000 146
2933 1.000000 0.050000 146
2935 1.000000 0.050000 146
2937 1.000000 0.050000 146
2939 1.000000 0.050000 146
2941 1.000000 0.050000 147
2943 1.000000 0.050000 147
2945 1.000000 0.050000 147
2947 1.000000 0.050000 147
2949 1.000000 0.050000 147
2951 1.000000 0.050000 147
2953 1.000000 0.050000 147
2955 1.000000 0.050000 147
2957 1.000000 0.050000 147
2959 1.000000 0.050000 147
2961 1.000000 0.050000 148
2963 1.000000 0.050000 148
2965 1.000000 0.050000 148
2967 1.000000 0.050000 148
2969 1.000000 0.050000 148
2971 1.000000 0.050000 148
2973 1.000000 0.050000 148
2975 1.000000 0.050000 148
2977 1.000000 0.050000 148
2979 1.000000 0.050000 148
2981 1.000000 0.050000 149
2983 1.000000 0.050000 149
2985 1.000000 0.050000 149
2987 1.000000 0.050000 149
2989 1.000000 0.050000 149
2991 1.000000 0.050000 149
2993 1.000000 0.050000 149
2995 1.000000 0.050000 149
2997 1.000000 0.050000 149
2999 1.000000 0.050000 149
3001 1.000000 0.050000 150
